0,1	13562
0,10	1571
0,11	1015
0,12	1179
0,2	8546
0,2006	527
0,2007	456
0,2008	405
0,2009	375
0,2010	1004
0,2011	368
0,26amp	423
0,3	6419
0,4	5421
0,5	5254
0,6	4614
0,7	3933
0,8	3978
0,9	3735
0,american	4732
0,apos	823
0,category	92
0,city	206
0,county	84
0,d	231
0,first	166
0,history	159
0,http	960
0,i	270
0,m	830
0,n	1007
0,other	1478
0,p	1110
0,people	499
0,quot	1317
0,s	827
0,state	113
0,states	114
0,this	268
0,time	402
0,two	771
0,uk	635
0,united	212
0,university	1973
0,used	52
0,war	53
0,world	171
0,www	323
0,years	209
1,0	13562
1,10	2903
1,11	1455
1,12	1486
1,2	12963
1,2006	943
1,2007	1160
1,2008	1134
1,2009	1077
1,2010	1790
1,2011	1365
1,26amp	286
1,3	7639
1,4	5953
1,5	5445
1,6	4481
1,7	3772
1,8	3540
1,9	3319
1,american	1075
1,apos	2444
1,category	224
1,city	472
1,county	356
1,d	569
1,first	467
1,history	341
1,http	1491
1,i	1039
1,m	1327
1,n	2064
1,other	925
1,p	1459
1,people	1327
1,quot	3142
1,s	1984
1,state	232
1,states	372
1,this	548
1,time	335
1,two	864
1,uk	1049
1,united	924
1,university	303
1,used	123
1,war	152
1,world	554
1,www	697
1,years	447
10,0	1571
10,1	2903
10,11	1648
10,12	1354
10,2	2260
10,2006	1292
10,2007	1959
10,2008	1880
10,2009	1989
10,2010	2118
10,2011	1979
10,26amp	185
10,3	1839
10,4	1658
10,5	1735
10,6	1460
10,7	1268
10,8	1410
10,9	1702
10,american	271
10,apos	1027
10,category	82
10,city	200
10,county	128
10,d	171
10,first	184
10,history	131
10,http	1355
10,i	184
10,m	466
10,n	464
10,other	143
10,p	345
10,people	218
10,quot	1240
10,s	990
10,state	99
10,states	161
10,this	251
10,time	173
10,two	134
10,uk	208
10,united	173
10,university	184
10,used	67
10,war	63
10,world	164
10,www	839
10,years	471
11,0	1015
11,1	1455
11,10	1648
11,12	1348
11,2	1255
11,2006	1020
11,2007	1527
11,2008	1485
11,2009	1308
11,2010	2236
11,2011	2042
11,26amp	114
11,3	1032
11,4	922
11,5	978
11,6	761
11,7	743
11,8	761
11,9	1141
11,american	256
11,apos	710
11,category	86
11,city	189
11,county	119
11,d	121
11,first	120
11,history	128
11,http	1143
11,i	89
11,m	239
11,n	350
11,other	98
11,p	308
11,people	170
11,quot	865
11,s	581
11,state	93
11,states	140
11,this	182
11,time	124
11,two	97
11,uk	191
11,united	181
11,university	109
11,used	25
11,war	75
11,world	159
11,www	784
11,years	119
12,0	1179
12,1	1486
12,10	1354
12,11	1348
12,2	1364
12,2006	906
12,2007	1362
12,2008	1372
12,2009	1287
12,2010	1872
12,2011	1951
12,26amp	110
12,3	1013
12,4	982
12,5	984
12,6	888
12,7	829
12,8	813
12,9	819
12,american	273
12,apos	740
12,category	73
12,city	166
12,county	149
12,d	131
12,first	124
12,history	119
12,http	1073
12,i	124
12,m	198
12,n	333
12,other	129
12,p	300
12,people	143
12,quot	1076
12,s	654
12,state	125
12,states	133
12,this	149
12,time	125
12,two	130
12,uk	197
12,united	130
12,university	119
12,used	34
12,war	62
12,world	113
12,www	672
12,years	201
2,0	8546
2,1	12963
2,10	2260
2,11	1255
2,12	1364
2,2006	676
2,2007	777
2,2008	856
2,2009	881
2,2010	1374
2,2011	1136
2,26amp	121
2,3	8060
2,4	5365
2,5	4547
2,6	3848
2,7	2866
2,8	2862
2,9	2397
2,american	595
2,apos	2153
2,category	298
2,city	549
2,county	941
2,d	572
2,first	312
2,history	297
2,http	1165
2,i	541
2,m	1203
2,n	1356
2,other	539
2,p	1001
2,people	831
2,quot	3349
2,s	1693
2,state	175
2,states	368
2,this	472
2,time	243
2,two	581
2,uk	621
2,united	401
2,university	211
2,used	117
2,war	148
2,world	314
2,www	602
2,years	482
2006,0	527
2006,1	943
2006,10	1292
2006,11	1020
2006,12	906
2006,2	676
2006,2007	857
2006,2008	512
2006,2009	409
2006,2010	525
2006,2011	429
2006,26amp	83
2006,3	521
2006,4	437
2006,5	448
2006,6	441
2006,7	421
2006,8	344
2006,9	379
2006,american	242
2006,apos	1110
2006,category	117
2006,city	112
2006,county	62
2006,d	188
2006,first	123
2006,history	164
2006,http	1694
2006,i	71
2006,m	161
2006,n	89
2006,other	61
2006,p	489
2006,people	71
2006,quot	1083
2006,s	734
2006,state	117
2006,states	134
2006,this	195
2006,time	138
2006,two	85
2006,uk	204
2006,united	150
2006,university	407
2006,used	30
2006,war	55
2006,world	276
2006,www	1073
2006,years	64
2007,0	456
2007,1	1160
2007,10	1959
2007,11	1527
2007,12	1362
2007,2	777
2007,2006	857
2007,2008	1074
2007,2009	606
2007,2010	793
2007,2011	586
2007,26amp	145
2007,3	645
2007,4	608
2007,5	598
2007,6	554
2007,7	440
2007,8	458
2007,9	517
2007,american	263
2007,apos	1234
2007,category	141
2007,city	209
2007,county	134
2007,d	234
2007,first	209
2007,history	281
2007,http	2404
2007,i	106
2007,m	159
2007,n	104
2007,other	117
2007,p	455
2007,people	86
2007,quot	1299
2007,s	848
2007,state	153
2007,states	170
2007,this	264
2007,time	154
2007,two	118
2007,uk	381
2007,united	225
2007,university	471
2007,used	45
2007,war	75
2007,world	283
2007,www	1265
2007,years	109
2008,0	405
2008,1	1134
2008,10	1880
2008,11	1485
2008,12	1372
2008,2	856
2008,2006	512
2008,2007	1074
2008,2009	1094
2008,2010	1071
2008,2011	635
2008,26amp	179
2008,3	702
2008,4	652
2008,5	546
2008,6	565
2008,7	551
2008,8	584
2008,9	489
2008,american	213
2008,apos	1385
2008,category	101
2008,city	223
2008,county	117
2008,d	211
2008,first	231
2008,history	299
2008,http	2559
2008,i	112
2008,m	141
2008,n	99
2008,other	160
2008,p	424
2008,people	110
2008,quot	1293
2008,s	944
2008,state	149
2008,states	171
2008,this	283
2008,time	158
2008,two	126
2008,uk	434
2008,united	219
2008,university	412
2008,used	44
2008,war	87
2008,world	367
2008,www	1605
2008,years	100
2009,0	375
2009,1	1077
2009,10	1989
2009,11	1308
2009,12	1287
2009,2	881
2009,2006	409
2009,2007	606
2009,2008	1094
2009,2010	1671
2009,2011	845
2009,26amp	105
2009,3	819
2009,4	612
2009,5	591
2009,6	548
2009,7	506
2009,8	466
2009,9	612
2009,american	215
2009,apos	1285
2009,category	76
2009,city	249
2009,county	138
2009,d	164
2009,first	202
2009,history	275
2009,http	2565
2009,i	98
2009,m	126
2009,n	101
2009,other	138
2009,p	296
2009,people	113
2009,quot	1263
2009,s	842
2009,state	166
2009,states	147
2009,this	315
2009,time	156
2009,two	105
2009,uk	442
2009,united	197
2009,university	394
2009,used	36
2009,war	83
2009,world	292
2009,www	1811
2009,years	105
2010,0	1004
2010,1	1790
2010,10	2118
2010,11	2236
2010,12	1872
2010,2	1374
2010,2006	525
2010,2007	793
2010,2008	1071
2010,2009	1671
2010,2011	1690
2010,26amp	217
2010,3	1160
2010,4	914
2010,5	998
2010,6	877
2010,7	843
2010,8	844
2010,9	780
2010,american	309
2010,apos	1466
2010,category	436
2010,city	496
2010,county	274
2010,d	228
2010,first	259
2010,history	464
2010,http	3722
2010,i	95
2010,m	170
2010,n	128
2010,other	168
2010,p	308
2010,people	138
2010,quot	1348
2010,s	1170
2010,state	266
2010,states	602
2010,this	378
2010,time	182
2010,two	153
2010,uk	645
2010,united	591
2010,university	422
2010,used	57
2010,war	81
2010,world	440
2010,www	2581
2010,years	129
2011,0	368
2011,1	1365
2011,10	1979
2011,11	2042
2011,12	1951
2011,2	1136
2011,2006	429
2011,2007	586
2011,2008	635
2011,2009	845
2011,2010	1690
2011,26amp	137
2011,3	902
2011,4	835
2011,5	906
2011,6	722
2011,7	892
2011,8	748
2011,9	710
2011,american	246
2011,apos	1448
2011,category	383
2011,city	294
2011,county	264
2011,d	190
2011,first	277
2011,history	352
2011,http	3318
2011,i	96
2011,m	132
2011,n	115
2011,other	203
2011,p	224
2011,people	130
2011,quot	1570
2011,s	1042
2011,state	193
2011,states	288
2011,this	371
2011,time	180
2011,two	153
2011,uk	560
2011,united	380
2011,university	479
2011,used	58
2011,war	97
2011,world	359
2011,www	2277
2011,years	135
26amp,0	423
26amp,1	286
26amp,10	185
26amp,11	114
26amp,12	110
26amp,2	121
26amp,2006	83
26amp,2007	145
26amp,2008	179
26amp,2009	105
26amp,2010	217
26amp,2011	137
26amp,3	73
26amp,4	45
26amp,5	57
26amp,6	36
26amp,7	45
26amp,8	100
26amp,9	69
26amp,american	99
26amp,apos	143
26amp,category	15
26amp,city	35
26amp,county	20
26amp,d	34
26amp,first	15
26amp,history	68
26amp,http	70
26amp,i	31
26amp,m	23
26amp,n	23
26amp,other	4
26amp,p	97
26amp,people	9
26amp,quot	31
26amp,s	159
26amp,state	11
26amp,states	10
26amp,this	19
26amp,time	5
26amp,two	6
26amp,uk	218
26amp,united	23
26amp,university	77
26amp,used	1
26amp,world	40
26amp,www	58
26amp,years	2
3,0	6419
3,1	7639
3,10	1839
3,11	1032
3,12	1013
3,2	8060
3,2006	521
3,2007	645
3,2008	702
3,2009	819
3,2010	1160
3,2011	902
3,26amp	73
3,4	5695
3,5	4330
3,6	3535
3,7	2558
3,8	2322
3,9	1984
3,american	438
3,apos	1491
3,category	100
3,city	646
3,county	329
3,d	405
3,first	260
3,history	222
3,http	1059
3,i	285
3,m	795
3,n	592
3,other	338
3,p	742
3,people	577
3,quot	2371
3,s	1161
3,state	124
3,states	238
3,this	350
3,time	185
3,two	337
3,uk	132
3,united	245
3,university	164
3,used	81
3,war	85
3,world	167
3,www	540
3,years	491
4,0	5421
4,1	5953
4,10	1658
4,11	922
4,12	982
4,2	5365
4,2006	437
4,2007	608
4,2008	652
4,2009	612
4,2010	914
4,2011	835
4,26amp	45
4,3	5695
4,5	4415
4,6	3270
4,7	2182
4,8	2151
4,9	1778
4,american	372
4,apos	1177
4,category	96
4,city	171
4,county	192
4,d	267
4,first	195
4,history	160
4,http	833
4,i	170
4,m	592
4,n	567
4,other	288
4,p	564
4,people	481
4,quot	1879
4,s	887
4,state	103
4,states	177
4,this	263
4,time	184
4,two	245
4,uk	133
4,united	183
4,university	123
4,used	59
4,war	67
4,world	125
4,www	414
4,years	382
5,0	5254
5,1	5445
5,10	1735
5,11	978
5,12	984
5,2	4547
5,2006	448
5,2007	598
5,2008	546
5,2009	591
5,2010	998
5,2011	906
5,26amp	57
5,3	4330
5,4	4415
5,6	3773
5,7	2518
5,8	2098
5,9	1871
5,american	389
5,apos	1225
5,category	153
5,city	217
5,county	155
5,d	172
5,first	153
5,history	97
5,http	863
5,i	240
5,m	641
5,n	402
5,other	239
5,p	499
5,people	501
5,quot	1684
5,s	1583
5,state	126
5,states	186
5,this	233
5,time	118
5,two	205
5,uk	114
5,united	172
5,university	93
5,used	73
5,war	60
5,world	125
5,www	512
5,years	453
6,0	4614
6,1	4481
6,10	1460
6,11	761
6,12	888
6,2	3848
6,2006	441
6,2007	554
6,2008	565
6,2009	548
6,2010	877
6,2011	722
6,26amp	36
6,3	3535
6,4	3270
6,5	3773
6,7	3194
6,8	2154
6,9	1672
6,american	291
6,apos	836
6,category	59
6,city	214
6,county	529
6,d	179
6,first	180
6,history	136
6,http	713
6,i	138
6,m	522
6,n	371
6,other	190
6,p	405
6,people	455
6,quot	1226
6,s	712
6,state	107
6,states	216
6,this	197
6,time	107
6,two	146
6,uk	130
6,united	215
6,university	77
6,used	46
6,war	64
6,world	89
6,www	391
6,years	327
7,0	3933
7,1	3772
7,10	1268
7,11	743
7,12	829
7,2	2866
7,2006	421
7,2007	440
7,2008	551
7,2009	506
7,2010	843
7,2011	892
7,26amp	45
7,3	2558
7,4	2182
7,5	2518
7,6	3194
7,8	2500
7,9	1717
7,american	249
7,apos	681
7,category	72
7,city	170
7,county	131
7,d	126
7,first	132
7,history	93
7,http	697
7,i	130
7,m	432
7,n	333
7,other	147
7,p	411
7,people	400
7,quot	1271
7,s	608
7,state	103
7,states	110
7,this	155
7,time	93
7,two	134
7,uk	92
7,united	118
7,university	79
7,used	38
7,war	47
7,world	79
7,www	345
7,years	277
8,0	3978
8,1	3540
8,10	1410
8,11	761
8,12	813
8,2	2862
8,2006	344
8,2007	458
8,2008	584
8,2009	466
8,2010	844
8,2011	748
8,26amp	100
8,3	2322
8,4	2151
8,5	2098
8,6	2154
8,7	2500
8,9	2046
8,american	254
8,apos	758
8,category	79
8,city	158
8,county	128
8,d	138
8,first	107
8,history	87
8,http	596
8,i	128
8,m	413
8,n	366
8,other	138
8,p	439
8,people	387
8,quot	1159
8,s	796
8,state	76
8,states	83
8,this	158
8,time	118
8,two	105
8,uk	98
8,united	103
8,university	75
8,used	58
8,war	60
8,world	84
8,www	302
8,years	265
9,0	3735
9,1	3319
9,10	1702
9,11	1141
9,12	819
9,2	2397
9,2006	379
9,2007	517
9,2008	489
9,2009	612
9,2010	780
9,2011	710
9,26amp	69
9,3	1984
9,4	1778
9,5	1871
9,6	1672
9,7	1717
9,8	2046
9,american	268
9,apos	660
9,category	63
9,city	126
9,county	115
9,d	162
9,first	125
9,history	99
9,http	602
9,i	107
9,m	365
9,n	336
9,other	111
9,p	425
9,people	329
9,quot	1003
9,s	659
9,state	88
9,states	105
9,this	120
9,time	98
9,two	88
9,uk	87
9,united	112
9,university	92
9,used	35
9,war	48
9,world	82
9,www	320
9,years	252
american,0	4732
american,1	1075
american,10	271
american,11	256
american,12	273
american,2	595
american,2006	242
american,2007	263
american,2008	213
american,2009	215
american,2010	309
american,2011	246
american,26amp	99
american,3	438
american,4	372
american,5	389
american,6	291
american,7	249
american,8	254
american,9	268
american,apos	1260
american,category	7030
american,city	147
american,county	74
american,d	977
american,first	481
american,history	601
american,http	281
american,i	73
american,m	80
american,n	70
american,other	248
american,p	129
american,people	806
american,quot	1560
american,s	1092
american,state	119
american,states	456
american,this	131
american,time	123
american,two	120
american,uk	32
american,united	453
american,university	309
american,used	67
american,war	1110
american,world	232
american,www	147
american,years	73
apos,0	823
apos,1	2444
apos,10	1027
apos,11	710
apos,12	740
apos,2	2153
apos,2006	1110
apos,2007	1234
apos,2008	1385
apos,2009	1285
apos,2010	1466
apos,2011	1448
apos,26amp	143
apos,3	1491
apos,4	1177
apos,5	1225
apos,6	836
apos,7	681
apos,8	758
apos,9	660
apos,american	1260
apos,category	1212
apos,city	2540
apos,county	2016
apos,d	6043
apos,first	3939
apos,history	2229
apos,http	1866
apos,i	5154
apos,m	2549
apos,n	2079
apos,other	1368
apos,p	2300
apos,people	2271
apos,quot	24978
apos,s	149240
apos,state	1238
apos,states	778
apos,this	2640
apos,time	1776
apos,two	1434
apos,uk	648
apos,united	859
apos,university	1763
apos,used	820
apos,war	1673
apos,world	3614
apos,www	879
apos,years	1287
category,0	92
category,1	224
category,10	82
category,11	86
category,12	73
category,2	298
category,2006	117
category,2007	141
category,2008	101
category,2009	76
category,2010	436
category,2011	383
category,26amp	15
category,3	100
category,4	96
category,5	153
category,6	59
category,7	72
category,8	79
category,9	63
category,american	7030
category,apos	1212
category,city	616
category,county	2649
category,d	325
category,first	135
category,history	1360
category,http	88
category,i	223
category,m	145
category,n	72
category,other	38
category,p	69
category,people	8980
category,quot	276
category,s	1162
category,state	701
category,states	2685
category,this	143
category,time	89
category,two	26
category,uk	1066
category,united	2970
category,university	1973
category,used	15
category,war	938
category,world	891
category,www	81
category,years	52
city,0	206
city,1	472
city,10	200
city,11	189
city,12	166
city,2	549
city,2006	112
city,2007	209
city,2008	223
city,2009	249
city,2010	496
city,2011	294
city,26amp	35
city,3	646
city,4	171
city,5	217
city,6	214
city,7	170
city,8	158
city,9	126
city,american	147
city,apos	2540
city,category	616
city,county	985
city,d	58
city,first	309
city,history	370
city,http	579
city,i	97
city,m	83
city,n	478
city,other	220
city,p	87
city,people	187
city,quot	1523
city,s	2408
city,state	373
city,states	803
city,this	303
city,time	129
city,two	205
city,uk	42
city,united	326
city,university	286
city,used	56
city,war	68
city,world	157
city,www	401
city,years	84
county,0	84
county,1	356
county,10	128
county,11	119
county,12	149
county,2	941
county,2006	62
county,2007	134
county,2008	117
county,2009	138
county,2010	274
county,2011	264
county,26amp	20
county,3	329
county,4	192
county,5	155
county,6	529
county,7	131
county,8	128
county,9	115
county,american	74
county,apos	2016
county,category	2649
county,city	985
county,d	67
county,first	136
county,history	602
county,http	300
county,i	55
county,m	47
county,n	179
county,other	109
county,p	44
county,people	333
county,quot	547
county,s	1168
county,state	863
county,states	1324
county,this	127
county,time	61
county,two	141
county,uk	274
county,united	1253
county,university	99
county,used	32
county,war	60
county,world	25
county,www	261
county,years	48
d,0	231
d,1	569
d,10	171
d,11	121
d,12	131
d,2	572
d,2006	188
d,2007	234
d,2008	211
d,2009	164
d,2010	228
d,2011	190
d,26amp	34
d,3	405
d,4	267
d,5	172
d,6	179
d,7	126
d,8	138
d,9	162
d,american	977
d,apos	6043
d,category	325
d,city	58
d,county	67
d,first	147
d,history	92
d,http	255
d,i	728
d,m	1040
d,n	928
d,other	65
d,p	711
d,people	55
d,quot	1514
d,s	1649
d,state	79
d,states	133
d,this	134
d,time	50
d,two	65
d,uk	77
d,united	175
d,university	219
d,used	34
d,war	100
d,world	63
d,www	153
d,years	35
first,0	166
first,1	467
first,10	184
first,11	120
first,12	124
first,2	312
first,2006	123
first,2007	209
first,2008	231
first,2009	202
first,2010	259
first,2011	277
first,26amp	15
first,3	260
first,4	195
first,5	153
first,6	180
first,7	132
first,8	107
first,9	125
first,american	481
first,apos	3939
first,category	135
first,city	309
first,county	136
first,d	147
first,history	511
first,http	217
first,i	253
first,m	122
first,n	148
first,other	155
first,p	203
first,people	114
first,quot	2474
first,s	3581
first,state	244
first,states	192
first,this	1045
first,time	1755
first,two	962
first,uk	98
first,united	349
first,university	219
first,used	360
first,war	831
first,world	975
first,www	106
first,years	631
history,0	159
history,1	341
history,10	131
history,11	128
history,12	119
history,2	297
history,2006	164
history,2007	281
history,2008	299
history,2009	275
history,2010	464
history,2011	352
history,26amp	68
history,3	222
history,4	160
history,5	97
history,6	136
history,7	93
history,8	87
history,9	99
history,american	601
history,apos	2229
history,category	1360
history,city	370
history,county	602
history,d	92
history,first	511
history,http	993
history,i	134
history,m	86
history,n	78
history,other	104
history,p	292
history,people	195
history,quot	1638
history,s	1554
history,state	242
history,states	316
history,this	219
history,time	215
history,two	76
history,uk	315
history,united	356
history,university	412
history,used	42
history,war	273
history,world	369
history,www	938
history,years	171
http,0	960
http,1	1491
http,10	1355
http,11	1143
http,12	1073
http,2	1165
http,2006	1694
http,2007	2404
http,2008	2559
http,2009	2565
http,2010	3722
http,2011	3318
http,26amp	70
http,3	1059
http,4	833
http,5	863
http,6	713
http,7	697
http,8	596
http,9	602
http,american	281
http,apos	1866
http,category	88
http,city	579
http,county	300
http,d	255
http,first	217
http,history	993
http,i	170
http,m	305
http,n	170
http,other	276
http,p	510
http,people	576
http,quot	4058
http,s	2077
http,state	725
http,states	431
http,this	234
http,time	1059
http,two	178
http,uk	8908
http,united	436
http,university	706
http,used	83
http,war	223
http,world	640
http,www	52209
http,years	288
i,0	270
i,1	1039
i,10	184
i,11	89
i,12	124
i,2	541
i,2006	71
i,2007	106
i,2008	112
i,2009	98
i,2010	95
i,2011	96
i,26amp	31
i,3	285
i,4	170
i,5	240
i,6	138
i,7	130
i,8	128
i,9	107
i,american	73
i,apos	5154
i,category	223
i,city	97
i,county	55
i,d	728
i,first	253
i,history	134
i,http	170
i,m	1664
i,n	1234
i,other	181
i,p	550
i,people	158
i,quot	6464
i,s	1730
i,state	153
i,states	139
i,this	597
i,time	236
i,two	161
i,uk	227
i,united	100
i,university	98
i,used	144
i,war	1480
i,world	1446
i,www	110
i,years	135
m,0	830
m,1	1327
m,10	466
m,11	239
m,12	198
m,2	1203
m,2006	161
m,2007	159
m,2008	141
m,2009	126
m,2010	170
m,2011	132
m,26amp	23
m,3	795
m,4	592
m,5	641
m,6	522
m,7	432
m,8	413
m,9	365
m,american	80
m,apos	2549
m,category	145
m,city	83
m,county	47
m,d	1040
m,first	122
m,history	86
m,http	305
m,i	1664
m,n	1806
m,other	70
m,p	1202
m,people	54
m,quot	2600
m,s	1982
m,state	33
m,states	68
m,this	138
m,time	108
m,two	101
m,uk	113
m,united	65
m,university	201
m,used	46
m,war	64
m,world	67
m,www	224
m,years	30
n,0	1007
n,1	2064
n,10	464
n,11	350
n,12	333
n,2	1356
n,2006	89
n,2007	104
n,2008	99
n,2009	101
n,2010	128
n,2011	115
n,26amp	23
n,3	592
n,4	567
n,5	402
n,6	371
n,7	333
n,8	366
n,9	336
n,american	70
n,apos	2079
n,category	72
n,city	478
n,county	179
n,d	928
n,first	148
n,history	78
n,http	170
n,i	1234
n,m	1806
n,other	85
n,p	949
n,people	38
n,quot	1695
n,s	1598
n,state	126
n,states	47
n,this	169
n,time	75
n,two	87
n,uk	425
n,united	32
n,university	108
n,used	54
n,war	297
n,world	68
n,www	105
n,years	45
other,0	1478
other,1	925
other,10	143
other,11	98
other,12	129
other,2	539
other,2006	61
other,2007	117
other,2008	160
other,2009	138
other,2010	168
other,2011	203
other,26amp	4
other,3	338
other,4	288
other,5	239
other,6	190
other,7	147
other,8	138
other,9	111
other,american	248
other,apos	1368
other,category	38
other,city	220
other,county	109
other,d	65
other,first	155
other,history	104
other,http	276
other,i	181
other,m	70
other,n	85
other,p	160
other,people	415
other,quot	1882
other,s	1760
other,state	183
other,states	354
other,this	653
other,time	236
other,two	735
other,uk	58
other,united	134
other,university	111
other,used	390
other,war	138
other,world	250
other,www	182
other,years	96
p,0	1110
p,1	1459
p,10	345
p,11	308
p,12	300
p,2	1001
p,2006	489
p,2007	455
p,2008	424
p,2009	296
p,2010	308
p,2011	224
p,26amp	97
p,3	742
p,4	564
p,5	499
p,6	405
p,7	411
p,8	439
p,9	425
p,american	129
p,apos	2300
p,category	69
p,city	87
p,county	44
p,d	711
p,first	203
p,history	292
p,http	510
p,i	550
p,m	1202
p,n	949
p,other	160
p,people	50
p,quot	3103
p,s	1844
p,state	91
p,states	109
p,this	471
p,time	151
p,two	138
p,uk	85
p,united	80
p,university	493
p,used	64
p,war	207
p,world	151
p,www	216
p,years	127
people,0	499
people,1	1327
people,10	218
people,11	170
people,12	143
people,2	831
people,2006	71
people,2007	86
people,2008	110
people,2009	113
people,2010	138
people,2011	130
people,26amp	9
people,3	577
people,4	481
people,5	501
people,6	455
people,7	400
people,8	387
people,9	329
people,american	806
people,apos	2271
people,category	8980
people,city	187
people,county	333
people,d	55
people,first	114
people,history	195
people,http	576
people,i	158
people,m	54
people,n	38
people,other	415
people,p	50
people,quot	1446
people,s	2075
people,state	97
people,states	168
people,this	328
people,time	136
people,two	191
people,uk	118
people,united	185
people,university	197
people,used	102
people,war	176
people,world	160
people,www	489
people,years	113
quot,0	1317
quot,1	3142
quot,10	1240
quot,11	865
quot,12	1076
quot,2	3349
quot,2006	1083
quot,2007	1299
quot,2008	1293
quot,2009	1263
quot,2010	1348
quot,2011	1570
quot,26amp	31
quot,3	2371
quot,4	1879
quot,5	1684
quot,6	1226
quot,7	1271
quot,8	1159
quot,9	1003
quot,american	1560
quot,apos	24978
quot,category	276
quot,city	1523
quot,county	547
quot,d	1514
quot,first	2474
quot,history	1638
quot,http	4058
quot,i	6464
quot,m	2600
quot,n	1695
quot,other	1882
quot,p	3103
quot,people	1446
quot,s	16319
quot,state	1116
quot,states	1572
quot,this	4658
quot,time	2224
quot,two	1799
quot,uk	521
quot,united	1185
quot,university	704
quot,used	1768
quot,war	1205
quot,world	2235
quot,www	2554
quot,years	888
s,0	827
s,1	1984
s,10	990
s,11	581
s,12	654
s,2	1693
s,2006	734
s,2007	848
s,2008	944
s,2009	842
s,2010	1170
s,2011	1042
s,26amp	159
s,3	1161
s,4	887
s,5	1583
s,6	712
s,7	608
s,8	796
s,9	659
s,american	1092
s,apos	149240
s,category	1162
s,city	2408
s,county	1168
s,d	1649
s,first	3581
s,history	1554
s,http	2077
s,i	1730
s,m	1982
s,n	1598
s,other	1760
s,p	1844
s,people	2075
s,quot	16319
s,state	2049
s,states	741
s,this	2039
s,time	1303
s,two	1525
s,uk	558
s,united	907
s,university	1389
s,used	1034
s,war	1192
s,world	3377
s,www	1076
s,years	769
state,0	113
state,1	232
state,10	99
state,11	93
state,12	125
state,2	175
state,2006	117
state,2007	153
state,2008	149
state,2009	166
state,2010	266
state,2011	193
state,26amp	11
state,3	124
state,4	103
state,5	126
state,6	107
state,7	103
state,8	76
state,9	88
state,american	119
state,apos	1238
state,category	701
state,city	373
state,county	863
state,d	79
state,first	244
state,history	242
state,http	725
state,i	153
state,m	33
state,n	126
state,other	183
state,p	91
state,people	97
state,quot	1116
state,s	2049
state,states	575
state,this	297
state,time	86
state,two	165
state,uk	22
state,united	575
state,university	1715
state,used	57
state,war	143
state,world	49
state,www	530
state,years	66
states,0	114
states,1	372
states,10	161
states,11	140
states,12	133
states,2	368
states,2006	134
states,2007	170
states,2008	171
states,2009	147
states,2010	602
states,2011	288
states,26amp	10
states,3	238
states,4	177
states,5	186
states,6	216
states,7	110
states,8	83
states,9	105
states,american	456
states,apos	778
states,category	2685
states,city	803
states,county	1324
states,d	133
states,first	192
states,history	316
states,http	431
states,i	139
states,m	68
states,n	47
states,other	354
states,p	109
states,people	168
states,quot	1572
states,s	741
states,state	575
states,this	241
states,time	107
states,two	166
states,uk	32
states,united	22162
states,university	161
states,used	87
states,war	336
states,world	230
states,www	266
states,years	70
this,0	268
this,1	548
this,10	251
this,11	182
this,12	149
this,2	472
this,2006	195
this,2007	264
this,2008	283
this,2009	315
this,2010	378
this,2011	371
this,26amp	19
this,3	350
this,4	263
this,5	233
this,6	197
this,7	155
this,8	158
this,9	120
this,american	131
this,apos	2640
this,category	143
this,city	303
this,county	127
this,d	134
this,first	1045
this,history	219
this,http	234
this,i	597
this,m	138
this,n	169
this,other	653
this,p	471
this,people	328
this,quot	4658
this,s	2039
this,state	297
this,states	241
this,time	2524
this,two	458
this,uk	108
this,united	164
this,university	130
this,used	869
this,war	272
this,world	339
this,www	143
this,years	318
time,0	402
time,1	335
time,10	173
time,11	124
time,12	125
time,2	243
time,2006	138
time,2007	154
time,2008	158
time,2009	156
time,2010	182
time,2011	180
time,26amp	5
time,3	185
time,4	184
time,5	118
time,6	107
time,7	93
time,8	118
time,9	98
time,american	123
time,apos	1776
time,category	89
time,city	129
time,county	61
time,d	50
time,first	1755
time,history	215
time,http	1059
time,i	236
time,m	108
time,n	75
time,other	236
time,p	151
time,people	136
time,quot	2224
time,s	1303
time,state	86
time,states	107
time,this	2524
time,two	301
time,uk	47
time,united	103
time,university	77
time,used	142
time,war	171
time,world	300
time,www	879
time,years	303
two,0	771
two,1	864
two,10	134
two,11	97
two,12	130
two,2	581
two,2006	85
two,2007	118
two,2008	126
two,2009	105
two,2010	153
two,2011	153
two,26amp	6
two,3	337
two,4	245
two,5	205
two,6	146
two,7	134
two,8	105
two,9	88
two,american	120
two,apos	1434
two,category	26
two,city	205
two,county	141
two,d	65
two,first	962
two,history	76
two,http	178
two,i	161
two,m	101
two,n	87
two,other	735
two,p	138
two,people	191
two,quot	1799
two,s	1525
two,state	165
two,states	166
two,this	458
two,time	301
two,uk	57
two,united	97
two,university	82
two,used	211
two,war	181
two,world	218
two,www	91
two,years	1533
uk,0	635
uk,1	1049
uk,10	208
uk,11	191
uk,12	197
uk,2	621
uk,2006	204
uk,2007	381
uk,2008	434
uk,2009	442
uk,2010	645
uk,2011	560
uk,26amp	218
uk,3	132
uk,4	133
uk,5	114
uk,6	130
uk,7	92
uk,8	98
uk,9	87
uk,american	32
uk,apos	648
uk,category	1066
uk,city	42
uk,county	274
uk,d	77
uk,first	98
uk,history	315
uk,http	8908
uk,i	227
uk,m	113
uk,n	425
uk,other	58
uk,p	85
uk,people	118
uk,quot	521
uk,s	558
uk,state	22
uk,states	32
uk,this	108
uk,time	47
uk,two	57
uk,united	90
uk,university	193
uk,used	41
uk,war	203
uk,world	356
uk,www	6958
uk,years	35
united,0	212
united,1	924
united,10	173
united,11	181
united,12	130
united,2	401
united,2006	150
united,2007	225
united,2008	219
united,2009	197
united,2010	591
united,2011	380
united,26amp	23
united,3	245
united,4	183
united,5	172
united,6	215
united,7	118
united,8	103
united,9	112
united,american	453
united,apos	859
united,category	2970
united,city	326
united,county	1253
united,d	175
united,first	349
united,history	356
united,http	436
united,i	100
united,m	65
united,n	32
united,other	134
united,p	80
united,people	185
united,quot	1185
united,s	907
united,state	575
united,states	22162
united,this	164
united,time	103
united,two	97
united,uk	90
united,university	249
united,used	82
united,war	353
united,world	262
united,www	222
united,years	67
university,0	1973
university,1	303
university,10	184
university,11	109
university,12	119
university,2	211
university,2006	407
university,2007	471
university,2008	412
university,2009	394
university,2010	422
university,2011	479
university,26amp	77
university,3	164
university,4	123
university,5	93
university,6	77
university,7	79
university,8	75
university,9	92
university,american	309
university,apos	1763
university,category	1973
university,city	286
university,county	99
university,d	219
university,first	219
university,history	412
university,http	706
university,i	98
university,m	201
university,n	108
university,other	111
university,p	493
university,people	197
university,quot	704
university,s	1389
university,state	1715
university,states	161
university,this	130
university,time	77
university,two	82
university,uk	193
university,united	249
university,used	36
university,war	121
university,world	336
university,www	385
university,years	81
used,0	52
used,1	123
used,10	67
used,11	25
used,12	34
used,2	117
used,2006	30
used,2007	45
used,2008	44
used,2009	36
used,2010	57
used,2011	58
used,26amp	1
used,3	81
used,4	59
used,5	73
used,6	46
used,7	38
used,8	58
used,9	35
used,american	67
used,apos	820
used,category	15
used,city	56
used,county	32
used,d	34
used,first	360
used,history	42
used,http	83
used,i	144
used,m	46
used,n	54
used,other	390
used,p	64
used,people	102
used,quot	1768
used,s	1034
used,state	57
used,states	87
used,this	869
used,time	142
used,two	211
used,uk	41
used,united	82
used,university	36
used,war	131
used,world	133
used,www	31
used,years	90
war,0	53
war,1	152
war,10	63
war,11	75
war,12	62
war,2	148
war,2006	55
war,2007	75
war,2008	87
war,2009	83
war,2010	81
war,2011	97
war,3	85
war,4	67
war,5	60
war,6	64
war,7	47
war,8	60
war,9	48
war,american	1110
war,apos	1673
war,category	938
war,city	68
war,county	60
war,d	100
war,first	831
war,history	273
war,http	223
war,i	1480
war,m	64
war,n	297
war,other	138
war,p	207
war,people	176
war,quot	1205
war,s	1192
war,state	143
war,states	336
war,this	272
war,time	171
war,two	181
war,uk	203
war,united	353
war,university	121
war,used	131
war,world	5650
war,www	133
war,years	554
world,0	171
world,1	554
world,10	164
world,11	159
world,12	113
world,2	314
world,2006	276
world,2007	283
world,2008	367
world,2009	292
world,2010	440
world,2011	359
world,26amp	40
world,3	167
world,4	125
world,5	125
world,6	89
world,7	79
world,8	84
world,9	82
world,american	232
world,apos	3614
world,category	891
world,city	157
world,county	25
world,d	63
world,first	975
world,history	369
world,http	640
world,i	1446
world,m	67
world,n	68
world,other	250
world,p	151
world,people	160
world,quot	2235
world,s	3377
world,state	49
world,states	230
world,this	339
world,time	300
world,two	218
world,uk	356
world,united	262
world,university	336
world,used	133
world,war	5650
world,www	622
world,years	122
www,0	323
www,1	697
www,10	839
www,11	784
www,12	672
www,2	602
www,2006	1073
www,2007	1265
www,2008	1605
www,2009	1811
www,2010	2581
www,2011	2277
www,26amp	58
www,3	540
www,4	414
www,5	512
www,6	391
www,7	345
www,8	302
www,9	320
www,american	147
www,apos	879
www,category	81
www,city	401
www,county	261
www,d	153
www,first	106
www,history	938
www,http	52209
www,i	110
www,m	224
www,n	105
www,other	182
www,p	216
www,people	489
www,quot	2554
www,s	1076
www,state	530
www,states	266
www,this	143
www,time	879
www,two	91
www,uk	6958
www,united	222
www,university	385
www,used	31
www,war	133
www,world	622
www,years	175
years,0	209
years,1	447
years,10	471
years,11	119
years,12	201
years,2	482
years,2006	64
years,2007	109
years,2008	100
years,2009	105
years,2010	129
years,2011	135
years,26amp	2
years,3	491
years,4	382
years,5	453
years,6	327
years,7	277
years,8	265
years,9	252
years,american	73
years,apos	1287
years,category	52
years,city	84
years,county	48
years,d	35
years,first	631
years,history	171
years,http	288
years,i	135
years,m	30
years,n	45
years,other	96
years,p	127
years,people	113
years,quot	888
years,s	769
years,state	66
years,states	70
years,this	318
years,time	303
years,two	1533
years,uk	35
years,united	67
years,university	81
years,used	90
years,war	554
years,world	122
years,www	175
