0,1	10598
0,2	6968
0,2008	301
0,2009	267
0,2010	723
0,2011	230
0,3	5300
0,4	4544
0,7	3406
0,8	3451
0,9	3193
0,age	276
0,apos	506
0,b	192
0,c	397
0,category	25
0,city	132
0,county	40
0,federal	14
0,first	79
0,games	13
0,grey	16
0,gt	460
0,history	75
0,http	312
0,i	183
0,japan	24
0,lt	382
0,mathml	10
0,nintendo	1
0,owl	2
0,p	526
0,party	97
0,people	345
0,population	239
0,quot	805
0,s	529
0,son	8
0,state	75
0,states	49
0,t	235
0,this	136
0,time	322
0,two	635
0,united	139
0,used	38
0,www	123
0,years	97
1,0	10598
1,2	10204
1,2008	918
1,2009	887
1,2010	1350
1,2011	1110
1,3	6044
1,4	4733
1,7	3052
1,8	2807
1,9	2658
1,age	304
1,apos	1620
1,b	430
1,c	611
1,category	161
1,city	317
1,county	244
1,federal	36
1,first	290
1,games	75
1,grey	9
1,gt	609
1,history	214
1,http	1045
1,i	786
1,japan	69
1,lt	590
1,mathml	5
1,nintendo	17
1,p	1139
1,party	106
1,people	1148
1,population	1191
1,quot	2313
1,s	1345
1,son	22
1,state	150
1,states	141
1,t	421
1,this	363
1,time	237
1,two	670
1,united	268
1,used	69
1,www	387
1,years	241
2,0	6968
2,1	10204
2,2008	688
2,2009	724
2,2010	1096
2,2011	944
2,3	6240
2,4	4168
2,7	2241
2,8	2169
2,9	1881
2,age	325
2,apos	1386
2,b	520
2,c	645
2,category	244
2,city	215
2,county	602
2,federal	19
2,first	208
2,games	89
2,grey	49
2,gt	472
2,guangdong	2
2,history	189
2,http	924
2,i	421
2,japan	55
2,lt	517
2,mathml	10
2,nintendo	16
2,p	823
2,party	97
2,people	741
2,population	692
2,quot	2568
2,s	1139
2,son	4
2,state	116
2,states	215
2,t	330
2,this	328
2,time	171
2,two	425
2,united	276
2,used	65
2,www	298
2,years	296
2008,0	301
2008,1	918
2008,2	688
2008,2009	828
2008,2010	734
2008,2011	502
2008,3	567
2008,4	547
2008,7	463
2008,8	525
2008,9	412
2008,age	28
2008,apos	845
2008,b	109
2008,c	108
2008,category	73
2008,city	148
2008,county	79
2008,federal	35
2008,first	120
2008,games	42
2008,grey	10
2008,gt	25
2008,guangdong	1
2008,history	225
2008,http	1986
2008,i	63
2008,japan	33
2008,lt	41
2008,nintendo	16
2008,p	375
2008,party	73
2008,people	72
2008,population	56
2008,quot	966
2008,s	580
2008,son	9
2008,state	90
2008,states	111
2008,t	69
2008,this	221
2008,time	109
2008,two	85
2008,united	153
2008,used	28
2008,www	882
2008,years	72
2009,0	267
2009,1	887
2009,2	724
2009,2008	828
2009,2010	1245
2009,2011	626
2009,3	685
2009,4	521
2009,7	439
2009,8	394
2009,9	550
2009,age	34
2009,apos	813
2009,b	104
2009,c	70
2009,category	58
2009,city	190
2009,county	94
2009,federal	38
2009,first	109
2009,games	33
2009,grey	6
2009,gt	57
2009,guangdong	1
2009,history	209
2009,http	1920
2009,i	57
2009,japan	34
2009,lt	61
2009,nintendo	21
2009,p	258
2009,party	62
2009,people	80
2009,population	96
2009,quot	915
2009,s	516
2009,son	5
2009,state	111
2009,states	77
2009,t	40
2009,this	239
2009,time	108
2009,two	64
2009,united	148
2009,used	21
2009,www	1058
2009,years	81
2010,0	723
2010,1	1350
2010,2	1096
2010,2008	734
2010,2009	1245
2010,2011	1296
2010,3	919
2010,4	724
2010,7	701
2010,8	702
2010,9	633
2010,age	39
2010,apos	919
2010,b	118
2010,c	106
2010,category	343
2010,city	367
2010,county	187
2010,federal	33
2010,first	142
2010,games	41
2010,grey	6
2010,gt	59
2010,history	359
2010,http	2948
2010,i	72
2010,japan	29
2010,lt	82
2010,mathml	1
2010,nintendo	21
2010,owl	1
2010,p	251
2010,party	96
2010,people	86
2010,population	450
2010,quot	978
2010,s	736
2010,son	8
2010,state	172
2010,states	379
2010,t	37
2010,this	306
2010,time	111
2010,two	97
2010,united	443
2010,used	32
2010,www	1527
2010,years	95
2011,0	230
2011,1	1110
2011,2	944
2011,2008	502
2011,2009	626
2011,2010	1296
2011,3	744
2011,4	697
2011,7	794
2011,8	651
2011,9	612
2011,age	28
2011,apos	846
2011,b	107
2011,c	96
2011,category	291
2011,city	190
2011,county	161
2011,federal	38
2011,first	169
2011,games	37
2011,grey	6
2011,gt	34
2011,guangdong	1
2011,history	272
2011,http	2617
2011,i	64
2011,japan	65
2011,lt	52
2011,nintendo	23
2011,p	188
2011,party	76
2011,people	81
2011,population	117
2011,quot	1165
2011,s	581
2011,son	13
2011,state	138
2011,states	217
2011,t	81
2011,this	308
2011,time	124
2011,two	98
2011,united	302
2011,used	33
2011,www	1452
2011,years	96
3,0	5300
3,1	6044
3,2	6240
3,2008	567
3,2009	685
3,2010	919
3,2011	744
3,4	4401
3,7	1921
3,8	1772
3,9	1515
3,age	402
3,apos	994
3,b	260
3,c	356
3,category	63
3,city	155
3,county	121
3,federal	14
3,first	162
3,games	69
3,grey	2
3,gt	256
3,guangdong	1
3,history	137
3,http	846
3,i	214
3,japan	25
3,lt	255
3,mathml	7
3,nintendo	6
3,p	616
3,party	74
3,people	523
3,population	527
3,quot	1783
3,s	780
3,son	10
3,state	79
3,states	119
3,t	139
3,this	258
3,time	128
3,two	259
3,united	148
3,used	48
3,www	346
3,years	305
4,0	4544
4,1	4733
4,2	4168
4,2008	547
4,2009	521
4,2010	724
4,2011	697
4,3	4401
4,7	1693
4,8	1665
4,9	1324
4,age	444
4,apos	775
4,b	180
4,c	302
4,category	71
4,city	100
4,county	121
4,federal	19
4,first	108
4,games	49
4,grey	66
4,gt	139
4,guangdong	1
4,history	103
4,http	683
4,i	125
4,japan	31
4,lt	142
4,nintendo	3
4,owl	1
4,p	503
4,party	69
4,people	442
4,population	439
4,quot	1369
4,s	634
4,son	9
4,state	70
4,states	77
4,t	140
4,this	197
4,time	127
4,two	171
4,united	109
4,used	37
4,www	222
4,years	210
7,0	3406
7,1	3052
7,2	2241
7,2008	463
7,2009	439
7,2010	701
7,2011	794
7,3	1921
7,4	1693
7,8	1969
7,9	1296
7,age	574
7,apos	452
7,b	101
7,c	154
7,category	54
7,city	103
7,county	68
7,federal	9
7,first	73
7,games	16
7,grey	1
7,gt	66
7,history	59
7,http	598
7,i	83
7,japan	20
7,lt	95
7,nintendo	4
7,owl	1
7,p	359
7,party	34
7,people	367
7,population	307
7,quot	918
7,s	371
7,son	7
7,state	67
7,states	55
7,t	42
7,this	109
7,time	66
7,two	93
7,united	63
7,used	20
7,www	181
7,years	129
8,0	3451
8,1	2807
8,2	2169
8,2008	525
8,2009	394
8,2010	702
8,2011	651
8,3	1772
8,4	1665
8,7	1969
8,9	1582
8,age	621
8,apos	487
8,b	104
8,c	156
8,category	54
8,city	92
8,county	75
8,federal	23
8,first	65
8,games	22
8,grey	1
8,gt	82
8,guangdong	2
8,history	67
8,http	485
8,i	104
8,japan	22
8,lt	85
8,nintendo	4
8,p	388
8,party	45
8,people	354
8,population	300
8,quot	798
8,s	544
8,son	7
8,state	50
8,states	39
8,t	56
8,this	118
8,time	86
8,two	64
8,united	67
8,used	38
8,www	183
8,years	118
9,0	3193
9,1	2658
9,2	1881
9,2008	412
9,2009	550
9,2010	633
9,2011	612
9,3	1515
9,4	1324
9,7	1296
9,8	1582
9,age	475
9,apos	396
9,b	115
9,c	129
9,category	41
9,city	89
9,county	62
9,federal	5
9,first	72
9,games	15
9,grey	4
9,gt	65
9,history	55
9,http	512
9,i	75
9,japan	30
9,lt	70
9,mathml	4
9,nintendo	4
9,p	376
9,party	48
9,people	297
9,population	253
9,quot	740
9,s	427
9,son	3
9,state	48
9,states	52
9,t	64
9,this	97
9,time	62
9,two	56
9,united	66
9,used	21
9,www	185
9,years	105
age,0	276
age,1	304
age,2	325
age,2008	28
age,2009	34
age,2010	39
age,2011	28
age,3	402
age,4	444
age,7	574
age,8	621
age,9	475
age,apos	233
age,b	8
age,c	15
age,category	74
age,city	34
age,county	8
age,first	73
age,games	6
age,grey	1
age,gt	7
age,history	17
age,http	83
age,i	22
age,japan	8
age,lt	12
age,nintendo	2
age,p	49
age,party	2
age,people	46
age,population	56
age,quot	348
age,s	181
age,son	7
age,state	7
age,states	14
age,t	12
age,this	89
age,time	25
age,two	36
age,united	7
age,used	7
age,www	40
age,years	4561
apos,0	506
apos,1	1620
apos,2	1386
apos,2008	845
apos,2009	813
apos,2010	919
apos,2011	846
apos,3	994
apos,4	775
apos,7	452
apos,8	487
apos,9	396
apos,age	233
apos,b	1330
apos,c	1503
apos,category	791
apos,city	2113
apos,county	1289
apos,federal	152
apos,first	3199
apos,games	271
apos,grey	94
apos,gt	427
apos,guangdong	18
apos,history	1640
apos,http	1169
apos,i	4352
apos,japan	404
apos,lt	432
apos,nintendo	97
apos,owl	37
apos,p	1602
apos,party	1321
apos,people	2000
apos,population	756
apos,quot	18088
apos,s	144085
apos,son	1010
apos,state	973
apos,states	579
apos,t	5844
apos,this	1503
apos,time	1277
apos,two	931
apos,united	594
apos,used	455
apos,www	394
apos,years	898
b,0	192
b,1	430
b,2	520
b,2008	109
b,2009	104
b,2010	118
b,2011	107
b,3	260
b,4	180
b,7	101
b,8	104
b,9	115
b,age	8
b,apos	1330
b,c	1355
b,category	66
b,city	20
b,county	11
b,federal	6
b,first	56
b,games	7
b,grey	1
b,gt	247
b,guangdong	1
b,history	89
b,http	105
b,i	466
b,japan	22
b,lt	256
b,nintendo	1
b,owl	1
b,p	426
b,party	17
b,people	14
b,population	7
b,quot	1128
b,s	749
b,son	22
b,state	36
b,states	34
b,t	380
b,this	98
b,time	20
b,two	43
b,united	39
b,used	30
b,www	59
b,years	35
c,0	397
c,1	611
c,2	645
c,2008	108
c,2009	70
c,2010	106
c,2011	96
c,3	356
c,4	302
c,7	154
c,8	156
c,9	129
c,age	15
c,apos	1503
c,b	1355
c,category	295
c,city	133
c,county	27
c,federal	10
c,first	64
c,games	6
c,grey	4
c,gt	110
c,history	71
c,http	198
c,i	376
c,japan	12
c,lt	147
c,nintendo	4
c,p	517
c,party	13
c,people	39
c,population	7
c,quot	1058
c,s	1177
c,son	67
c,state	41
c,states	59
c,t	499
c,this	126
c,time	23
c,two	56
c,united	168
c,used	38
c,www	97
c,years	37
category,0	25
category,1	161
category,2	244
category,2008	73
category,2009	58
category,2010	343
category,2011	291
category,3	63
category,4	71
category,7	54
category,8	54
category,9	41
category,age	74
category,apos	791
category,b	66
category,c	295
category,city	494
category,county	1814
category,federal	80
category,first	95
category,games	908
category,grey	11
category,gt	16
category,guangdong	5
category,history	1106
category,http	42
category,i	181
category,japan	217
category,lt	7
category,nintendo	46
category,owl	1
category,p	41
category,party	522
category,people	6441
category,population	7
category,quot	201
category,s	797
category,son	6
category,state	519
category,states	2100
category,t	36
category,this	105
category,time	64
category,two	21
category,united	2230
category,used	12
category,www	57
category,years	48
city,0	132
city,1	317
city,2	215
city,2008	148
city,2009	190
city,2010	367
city,2011	190
city,3	155
city,4	100
city,7	103
city,8	92
city,9	89
city,age	34
city,apos	2113
city,b	20
city,c	133
city,category	494
city,county	694
city,federal	45
city,first	217
city,games	19
city,grey	4
city,gt	33
city,guangdong	1
city,history	253
city,http	431
city,i	57
city,japan	35
city,lt	26
city,nintendo	2
city,owl	1
city,p	58
city,party	17
city,people	114
city,population	1316
city,quot	1226
city,s	1967
city,son	13
city,state	281
city,states	201
city,t	26
city,this	230
city,time	84
city,two	136
city,united	249
city,used	43
city,www	285
city,years	53
county,0	40
county,1	244
county,2	602
county,2008	79
county,2009	94
county,2010	187
county,2011	161
county,3	121
county,4	121
county,7	68
county,8	75
county,9	62
county,age	8
county,apos	1289
county,b	11
county,c	27
county,category	1814
county,city	694
county,federal	58
county,first	96
county,games	3
county,grey	7
county,gt	15
county,guangdong	2
county,history	516
county,http	249
county,i	39
county,japan	2
county,lt	13
county,p	29
county,party	36
county,people	287
county,population	695
county,quot	419
county,s	789
county,son	1
county,state	709
county,states	955
county,t	9
county,this	97
county,time	44
county,two	78
county,united	962
county,used	23
county,www	156
county,years	30
federal,0	14
federal,1	36
federal,2	19
federal,2008	35
federal,2009	38
federal,2010	33
federal,2011	38
federal,3	14
federal,4	19
federal,7	9
federal,8	23
federal,9	5
federal,apos	152
federal,b	6
federal,c	10
federal,category	80
federal,city	45
federal,county	58
federal,first	16
federal,games	3
federal,gt	3
federal,history	15
federal,http	40
federal,i	6
federal,japan	1
federal,lt	3
federal,p	11
federal,party	33
federal,people	14
federal,population	6
federal,quot	123
federal,s	187
federal,son	1
federal,state	243
federal,states	152
federal,t	4
federal,this	20
federal,time	9
federal,two	30
federal,united	120
federal,used	11
federal,www	26
federal,years	11
first,0	79
first,1	290
first,2	208
first,2008	120
first,2009	109
first,2010	142
first,2011	169
first,3	162
first,4	108
first,7	73
first,8	65
first,9	72
first,age	73
first,apos	3199
first,b	56
first,c	64
first,category	95
first,city	217
first,county	96
first,federal	16
first,games	118
first,grey	8
first,gt	29
first,guangdong	2
first,history	290
first,http	138
first,i	183
first,japan	74
first,lt	35
first,nintendo	6
first,owl	4
first,p	122
first,party	136
first,people	83
first,population	23
first,quot	1793
first,s	3075
first,son	82
first,state	182
first,states	132
first,t	38
first,this	719
first,time	1661
first,two	769
first,united	138
first,used	311
first,www	48
first,years	477
games,0	13
games,1	75
games,2	89
games,2008	42
games,2009	33
games,2010	41
games,2011	37
games,3	69
games,4	49
games,7	16
games,8	22
games,9	15
games,age	6
games,apos	271
games,b	7
games,c	6
games,category	908
games,city	19
games,county	3
games,federal	3
games,first	118
games,grey	4
games,gt	12
games,history	23
games,http	98
games,i	11
games,japan	18
games,lt	3
games,nintendo	79
games,p	12
games,party	11
games,people	10
games,quot	182
games,s	188
games,state	5
games,states	12
games,t	4
games,this	31
games,time	117
games,two	145
games,united	15
games,used	20
games,www	79
games,years	11
grey,0	16
grey,1	9
grey,2	49
grey,2008	10
grey,2009	6
grey,2010	6
grey,2011	6
grey,3	2
grey,4	66
grey,7	1
grey,8	1
grey,9	4
grey,age	1
grey,apos	94
grey,b	1
grey,c	4
grey,category	11
grey,city	4
grey,county	7
grey,first	8
grey,games	4
grey,gt	5
grey,http	6
grey,i	2
grey,lt	4
grey,owl	145
grey,p	5
grey,people	8
grey,quot	90
grey,s	95
grey,son	2
grey,state	2
grey,states	1
grey,t	1
grey,this	4
grey,time	2
grey,two	5
grey,united	2
grey,used	1
grey,years	4
gt,0	460
gt,1	609
gt,2	472
gt,2008	25
gt,2009	57
gt,2010	59
gt,2011	34
gt,3	256
gt,4	139
gt,7	66
gt,8	82
gt,9	65
gt,age	7
gt,apos	427
gt,b	247
gt,c	110
gt,category	16
gt,city	33
gt,county	15
gt,federal	3
gt,first	29
gt,games	12
gt,grey	5
gt,history	35
gt,http	80
gt,i	136
gt,japan	15
gt,lt	19382
gt,mathml	5
gt,nintendo	1
gt,p	142
gt,party	26
gt,people	9
gt,population	34
gt,quot	2968
gt,s	265
gt,son	3
gt,state	15
gt,states	48
gt,t	85
gt,this	55
gt,time	16
gt,two	12
gt,united	243
gt,used	10
gt,www	66
gt,years	10
guangdong,2	2
guangdong,2008	1
guangdong,2009	1
guangdong,2011	1
guangdong,3	1
guangdong,4	1
guangdong,8	2
guangdong,apos	18
guangdong,b	1
guangdong,category	5
guangdong,city	1
guangdong,county	2
guangdong,first	2
guangdong,history	1
guangdong,lt	1
guangdong,party	1
guangdong,people	5
guangdong,quot	10
guangdong,s	17
guangdong,this	1
guangdong,time	1
history,0	75
history,1	214
history,2	189
history,2008	225
history,2009	209
history,2010	359
history,2011	272
history,3	137
history,4	103
history,7	59
history,8	67
history,9	55
history,age	17
history,apos	1640
history,b	89
history,c	71
history,category	1106
history,city	253
history,county	516
history,federal	15
history,first	290
history,games	23
history,gt	35
history,guangdong	1
history,http	624
history,i	79
history,japan	46
history,lt	17
history,mathml	1
history,nintendo	13
history,owl	2
history,p	203
history,party	30
history,people	108
history,population	68
history,quot	1166
history,s	1206
history,son	3
history,state	174
history,states	156
history,t	37
history,this	154
history,time	175
history,two	36
history,united	305
history,used	24
history,www	595
history,years	119
http,0	312
http,1	1045
http,2	924
http,2008	1986
http,2009	1920
http,2010	2948
http,2011	2617
http,3	846
http,4	683
http,7	598
http,8	485
http,9	512
http,age	83
http,apos	1169
http,b	105
http,c	198
http,category	42
http,city	431
http,county	249
http,federal	40
http,first	138
http,games	98
http,grey	6
http,gt	80
http,history	624
http,i	127
http,japan	89
http,lt	162
http,mathml	1
http,nintendo	52
http,p	358
http,party	96
http,people	310
http,population	124
http,quot	3439
http,s	1390
http,son	19
http,state	604
http,states	349
http,t	85
http,this	164
http,time	645
http,two	135
http,united	302
http,used	44
http,www	52089
http,years	239
i,0	183
i,1	786
i,2	421
i,2008	63
i,2009	57
i,2010	72
i,2011	64
i,3	214
i,4	125
i,7	83
i,8	104
i,9	75
i,age	22
i,apos	4352
i,b	466
i,c	376
i,category	181
i,city	57
i,county	39
i,federal	6
i,first	183
i,games	11
i,grey	2
i,gt	136
i,history	79
i,http	127
i,japan	8
i,lt	192
i,owl	2
i,p	434
i,party	23
i,people	103
i,population	51
i,quot	5201
i,s	1231
i,son	114
i,state	113
i,states	85
i,t	1451
i,this	440
i,time	163
i,two	102
i,united	63
i,used	98
i,www	63
i,years	90
japan,0	24
japan,1	69
japan,2	55
japan,2008	33
japan,2009	34
japan,2010	29
japan,2011	65
japan,3	25
japan,4	31
japan,7	20
japan,8	22
japan,9	30
japan,age	8
japan,apos	404
japan,b	22
japan,c	12
japan,category	217
japan,city	35
japan,county	2
japan,federal	1
japan,first	74
japan,games	18
japan,gt	15
japan,history	46
japan,http	89
japan,i	8
japan,lt	4
japan,nintendo	16
japan,p	32
japan,party	14
japan,people	30
japan,population	6
japan,quot	188
japan,s	345
japan,son	2
japan,state	9
japan,states	65
japan,t	9
japan,this	25
japan,time	23
japan,two	15
japan,united	79
japan,used	22
japan,www	44
japan,years	13
lt,0	382
lt,1	590
lt,2	517
lt,2008	41
lt,2009	61
lt,2010	82
lt,2011	52
lt,3	255
lt,4	142
lt,7	95
lt,8	85
lt,9	70
lt,age	12
lt,apos	432
lt,b	256
lt,c	147
lt,category	7
lt,city	26
lt,county	13
lt,federal	3
lt,first	35
lt,games	3
lt,grey	4
lt,gt	19382
lt,guangdong	1
lt,history	17
lt,http	162
lt,i	192
lt,japan	4
lt,mathml	4
lt,nintendo	3
lt,p	181
lt,party	24
lt,people	2
lt,population	11
lt,quot	2899
lt,s	357
lt,son	6
lt,state	15
lt,states	39
lt,t	177
lt,this	46
lt,time	28
lt,two	7
lt,united	49
lt,used	2
lt,www	95
lt,years	11
mathml,0	10
mathml,1	5
mathml,2	10
mathml,2010	1
mathml,3	7
mathml,9	4
mathml,gt	5
mathml,history	1
mathml,http	1
mathml,lt	4
mathml,quot	2
mathml,used	1
nintendo,0	1
nintendo,1	17
nintendo,2	16
nintendo,2008	16
nintendo,2009	21
nintendo,2010	21
nintendo,2011	23
nintendo,3	6
nintendo,4	3
nintendo,7	4
nintendo,8	4
nintendo,9	4
nintendo,age	2
nintendo,apos	97
nintendo,b	1
nintendo,c	4
nintendo,category	46
nintendo,city	2
nintendo,first	6
nintendo,games	79
nintendo,gt	1
nintendo,history	13
nintendo,http	52
nintendo,japan	16
nintendo,lt	3
nintendo,p	5
nintendo,party	7
nintendo,people	2
nintendo,quot	42
nintendo,s	72
nintendo,states	2
nintendo,t	1
nintendo,this	5
nintendo,time	1
nintendo,two	7
nintendo,united	1
nintendo,used	5
nintendo,www	39
nintendo,years	6
owl,0	2
owl,2010	1
owl,4	1
owl,7	1
owl,apos	37
owl,b	1
owl,category	1
owl,city	1
owl,first	4
owl,grey	145
owl,history	2
owl,i	2
owl,p	2
owl,people	2
owl,quot	28
owl,s	65
owl,son	1
owl,states	1
owl,t	17
owl,this	1
owl,united	1
p,0	526
p,1	1139
p,2	823
p,2008	375
p,2009	258
p,2010	251
p,2011	188
p,3	616
p,4	503
p,7	359
p,8	388
p,9	376
p,age	49
p,apos	1602
p,b	426
p,c	517
p,category	41
p,city	58
p,county	29
p,federal	11
p,first	122
p,games	12
p,grey	5
p,gt	142
p,history	203
p,http	358
p,i	434
p,japan	32
p,lt	181
p,nintendo	5
p,owl	2
p,party	32
p,people	32
p,population	15
p,quot	2482
p,s	1219
p,son	16
p,state	66
p,states	70
p,t	532
p,this	373
p,time	76
p,two	93
p,united	37
p,used	34
p,www	150
p,years	88
party,0	97
party,1	106
party,2	97
party,2008	73
party,2009	62
party,2010	96
party,2011	76
party,3	74
party,4	69
party,7	34
party,8	45
party,9	48
party,age	2
party,apos	1321
party,b	17
party,c	13
party,category	522
party,city	17
party,county	36
party,federal	33
party,first	136
party,games	11
party,gt	26
party,guangdong	1
party,history	30
party,http	96
party,i	23
party,japan	14
party,lt	24
party,nintendo	7
party,p	32
party,people	260
party,population	6
party,quot	591
party,s	1080
party,son	3
party,state	137
party,states	247
party,t	15
party,this	120
party,time	33
party,two	69
party,united	384
party,used	20
party,www	41
party,years	58
people,0	345
people,1	1148
people,2	741
people,2008	72
people,2009	80
people,2010	86
people,2011	81
people,3	523
people,4	442
people,7	367
people,8	354
people,9	297
people,age	46
people,apos	2000
people,b	14
people,c	39
people,category	6441
people,city	114
people,county	287
people,federal	14
people,first	83
people,games	10
people,grey	8
people,gt	9
people,guangdong	5
people,history	108
people,http	310
people,i	103
people,japan	30
people,lt	2
people,nintendo	2
people,owl	2
people,p	32
people,party	260
people,population	48
people,quot	1050
people,s	1872
people,son	7
people,state	57
people,states	101
people,t	65
people,this	219
people,time	91
people,two	153
people,united	135
people,used	74
people,www	386
people,years	72
population,0	239
population,1	1191
population,2	692
population,2008	56
population,2009	96
population,2010	450
population,2011	117
population,3	527
population,4	439
population,7	307
population,8	300
population,9	253
population,age	56
population,apos	756
population,b	7
population,c	7
population,category	7
population,city	1316
population,county	695
population,federal	6
population,first	23
population,gt	34
population,history	68
population,http	124
population,i	51
population,japan	6
population,lt	11
population,p	15
population,party	6
population,people	48
population,quot	114
population,s	741
population,son	1
population,state	73
population,states	661
population,t	10
population,this	111
population,time	28
population,two	17
population,united	581
population,used	14
population,www	210
population,years	52
quot,0	805
quot,1	2313
quot,2	2568
quot,2008	966
quot,2009	915
quot,2010	978
quot,2011	1165
quot,3	1783
quot,4	1369
quot,7	918
quot,8	798
quot,9	740
quot,age	348
quot,apos	18088
quot,b	1128
quot,c	1058
quot,category	201
quot,city	1226
quot,county	419
quot,federal	123
quot,first	1793
quot,games	182
quot,grey	90
quot,gt	2968
quot,guangdong	10
quot,history	1166
quot,http	3439
quot,i	5201
quot,japan	188
quot,lt	2899
quot,mathml	2
quot,nintendo	42
quot,owl	28
quot,p	2482
quot,party	591
quot,people	1050
quot,population	114
quot,s	11690
quot,son	376
quot,state	840
quot,states	945
quot,t	1428
quot,this	3415
quot,time	1743
quot,two	1294
quot,united	792
quot,used	1228
quot,www	2170
quot,years	670
s,0	529
s,1	1345
s,2	1139
s,2008	580
s,2009	516
s,2010	736
s,2011	581
s,3	780
s,4	634
s,7	371
s,8	544
s,9	427
s,age	181
s,apos	144085
s,b	749
s,c	1177
s,category	797
s,city	1967
s,county	789
s,federal	187
s,first	3075
s,games	188
s,grey	95
s,gt	265
s,guangdong	17
s,history	1206
s,http	1390
s,i	1231
s,japan	345
s,lt	357
s,nintendo	72
s,owl	65
s,p	1219
s,party	1080
s,people	1872
s,population	741
s,quot	11690
s,son	953
s,state	1758
s,states	439
s,t	1310
s,this	1294
s,time	771
s,two	1044
s,united	444
s,used	622
s,www	600
s,years	351
son,0	8
son,1	22
son,2	4
son,2008	9
son,2009	5
son,2010	8
son,2011	13
son,3	10
son,4	9
son,7	7
son,8	7
son,9	3
son,age	7
son,apos	1010
son,b	22
son,c	67
son,category	6
son,city	13
son,county	1
son,federal	1
son,first	82
son,grey	2
son,gt	3
son,history	3
son,http	19
son,i	114
son,japan	2
son,lt	6
son,owl	1
son,p	16
son,party	3
son,people	7
son,population	1
son,quot	376
son,s	953
son,state	6
son,states	3
son,t	15
son,this	29
son,time	20
son,two	42
son,united	4
son,used	4
son,www	10
son,years	16
state,0	75
state,1	150
state,2	116
state,2008	90
state,2009	111
state,2010	172
state,2011	138
state,3	79
state,4	70
state,7	67
state,8	50
state,9	48
state,age	7
state,apos	973
state,b	36
state,c	41
state,category	519
state,city	281
state,county	709
state,federal	243
state,first	182
state,games	5
state,grey	2
state,gt	15
state,history	174
state,http	604
state,i	113
state,japan	9
state,lt	15
state,p	66
state,party	137
state,people	57
state,population	73
state,quot	840
state,s	1758
state,son	6
state,states	470
state,t	27
state,this	232
state,time	58
state,two	104
state,united	445
state,used	28
state,www	432
state,years	40
states,0	49
states,1	141
states,2	215
states,2008	111
states,2009	77
states,2010	379
states,2011	217
states,3	119
states,4	77
states,7	55
states,8	39
states,9	52
states,age	14
states,apos	579
states,b	34
states,c	59
states,category	2100
states,city	201
states,county	955
states,federal	152
states,first	132
states,games	12
states,grey	1
states,gt	48
states,history	156
states,http	349
states,i	85
states,japan	65
states,lt	39
states,nintendo	2
states,owl	1
states,p	70
states,party	247
states,people	101
states,population	661
states,quot	945
states,s	439
states,son	3
states,state	470
states,t	21
states,this	176
states,time	55
states,two	140
states,united	21794
states,used	31
states,www	205
states,years	50
t,0	235
t,1	421
t,2	330
t,2008	69
t,2009	40
t,2010	37
t,2011	81
t,3	139
t,4	140
t,7	42
t,8	56
t,9	64
t,age	12
t,apos	5844
t,b	380
t,c	499
t,category	36
t,city	26
t,county	9
t,federal	4
t,first	38
t,games	4
t,grey	1
t,gt	85
t,history	37
t,http	85
t,i	1451
t,japan	9
t,lt	177
t,nintendo	1
t,owl	17
t,p	532
t,party	15
t,people	65
t,population	10
t,quot	1428
t,s	1310
t,son	15
t,state	27
t,states	21
t,this	185
t,time	108
t,two	38
t,united	20
t,used	37
t,www	45
t,years	18
this,0	136
this,1	363
this,2	328
this,2008	221
this,2009	239
this,2010	306
this,2011	308
this,3	258
this,4	197
this,7	109
this,8	118
this,9	97
this,age	89
this,apos	1503
this,b	98
this,c	126
this,category	105
this,city	230
this,county	97
this,federal	20
this,first	719
this,games	31
this,grey	4
this,gt	55
this,guangdong	1
this,history	154
this,http	164
this,i	440
this,japan	25
this,lt	46
this,nintendo	5
this,owl	1
this,p	373
this,party	120
this,people	219
this,population	111
this,quot	3415
this,s	1294
this,son	29
this,state	232
this,states	176
this,t	185
this,time	2276
this,two	269
this,united	106
this,used	574
this,www	100
this,years	235
time,0	322
time,1	237
time,2	171
time,2008	109
time,2009	108
time,2010	111
time,2011	124
time,3	128
time,4	127
time,7	66
time,8	86
time,9	62
time,age	25
time,apos	1277
time,b	20
time,c	23
time,category	64
time,city	84
time,county	44
time,federal	9
time,first	1661
time,games	117
time,grey	2
time,gt	16
time,guangdong	1
time,history	175
time,http	645
time,i	163
time,japan	23
time,lt	28
time,nintendo	1
time,p	76
time,party	33
time,people	91
time,population	28
time,quot	1743
time,s	771
time,son	20
time,state	58
time,states	55
time,t	108
time,this	2276
time,two	226
time,united	46
time,used	96
time,www	831
time,years	193
two,0	635
two,1	670
two,2	425
two,2008	85
two,2009	64
two,2010	97
two,2011	98
two,3	259
two,4	171
two,7	93
two,8	64
two,9	56
two,age	36
two,apos	931
two,b	43
two,c	56
two,category	21
two,city	136
two,county	78
two,federal	30
two,first	769
two,games	145
two,grey	5
two,gt	12
two,history	36
two,http	135
two,i	102
two,japan	15
two,lt	7
two,nintendo	7
two,p	93
two,party	69
two,people	153
two,population	17
two,quot	1294
two,s	1044
two,son	42
two,state	104
two,states	140
two,t	38
two,this	269
two,time	226
two,united	48
two,used	145
two,www	52
two,years	1452
united,0	139
united,1	268
united,2	276
united,2008	153
united,2009	148
united,2010	443
united,2011	302
united,3	148
united,4	109
united,7	63
united,8	67
united,9	66
united,age	7
united,apos	594
united,b	39
united,c	168
united,category	2230
united,city	249
united,county	962
united,federal	120
united,first	138
united,games	15
united,grey	2
united,gt	243
united,history	305
united,http	302
united,i	63
united,japan	79
united,lt	49
united,nintendo	1
united,owl	1
united,p	37
united,party	384
united,people	135
united,population	581
united,quot	792
united,s	444
united,son	4
united,state	445
united,states	21794
united,t	20
united,this	106
united,time	46
united,two	48
united,used	63
united,www	159
united,years	36
used,0	38
used,1	69
used,2	65
used,2008	28
used,2009	21
used,2010	32
used,2011	33
used,3	48
used,4	37
used,7	20
used,8	38
used,9	21
used,age	7
used,apos	455
used,b	30
used,c	38
used,category	12
used,city	43
used,county	23
used,federal	11
used,first	311
used,games	20
used,grey	1
used,gt	10
used,history	24
used,http	44
used,i	98
used,japan	22
used,lt	2
used,mathml	1
used,nintendo	5
used,p	34
used,party	20
used,people	74
used,population	14
used,quot	1228
used,s	622
used,son	4
used,state	28
used,states	31
used,t	37
used,this	574
used,time	96
used,two	145
used,united	63
used,www	20
used,years	55
www,0	123
www,1	387
www,2	298
www,2008	882
www,2009	1058
www,2010	1527
www,2011	1452
www,3	346
www,4	222
www,7	181
www,8	183
www,9	185
www,age	40
www,apos	394
www,b	59
www,c	97
www,category	57
www,city	285
www,county	156
www,federal	26
www,first	48
www,games	79
www,gt	66
www,history	595
www,http	52089
www,i	63
www,japan	44
www,lt	95
www,nintendo	39
www,p	150
www,party	41
www,people	386
www,population	210
www,quot	2170
www,s	600
www,son	10
www,state	432
www,states	205
www,t	45
www,this	100
www,time	831
www,two	52
www,united	159
www,used	20
www,years	132
years,0	97
years,1	241
years,2	296
years,2008	72
years,2009	81
years,2010	95
years,2011	96
years,3	305
years,4	210
years,7	129
years,8	118
years,9	105
years,age	4561
years,apos	898
years,b	35
years,c	37
years,category	48
years,city	53
years,county	30
years,federal	11
years,first	477
years,games	11
years,grey	4
years,gt	10
years,history	119
years,http	239
years,i	90
years,japan	13
years,lt	11
years,nintendo	6
years,p	88
years,party	58
years,people	72
years,population	52
years,quot	670
years,s	351
years,son	16
years,state	40
years,states	50
years,t	18
years,this	235
years,time	193
years,two	1452
years,united	36
years,used	55
years,www	132
