0,1	6042
0,10	887
0,11	584
0,12	713
0,2	3908
0,2006	265
0,2007	194
0,2008	182
0,2009	170
0,2010	549
0,2011	117
0,26amp	255
0,3	2710
0,4	2136
0,5	2108
0,6	1782
0,7	1429
0,8	1402
0,9	1242
0,american	2063
0,apos	265
0,category	21
0,city	65
0,county	12
0,d	100
0,first	28
0,history	47
0,http	238
0,i	122
0,m	544
0,n	525
0,other	130
0,p	168
0,people	265
0,quot	558
0,s	263
0,state	35
0,states	33
0,this	94
0,time	48
0,two	54
0,uk	144
0,united	63
0,university	311
0,used	12
0,war	11
0,world	54
0,www	49
0,years	55
1,0	6042
1,10	1454
1,11	832
1,12	787
1,2	7047
1,2006	589
1,2007	764
1,2008	730
1,2009	671
1,2010	1001
1,2011	857
1,26amp	53
1,3	3902
1,4	3063
1,5	2890
1,6	2382
1,7	1899
1,8	1740
1,9	1639
1,american	522
1,apos	884
1,category	98
1,city	161
1,county	161
1,d	229
1,first	144
1,history	119
1,http	645
1,i	497
1,m	782
1,n	1209
1,other	128
1,p	824
1,people	749
1,quot	1564
1,s	788
1,state	75
1,states	87
1,this	221
1,time	143
1,two	136
1,uk	886
1,united	92
1,university	76
1,used	30
1,war	49
1,world	290
1,www	130
1,years	162
10,0	887
10,1	1454
10,11	863
10,12	773
10,2	1017
10,2006	842
10,2007	1400
10,2008	1390
10,2009	1514
10,2010	1583
10,2011	1626
10,26amp	5
10,3	834
10,4	757
10,5	946
10,6	740
10,7	653
10,8	736
10,9	862
10,american	117
10,apos	303
10,category	31
10,city	56
10,county	23
10,d	41
10,first	56
10,history	51
10,http	757
10,i	93
10,m	235
10,n	298
10,other	56
10,p	213
10,people	167
10,quot	586
10,s	356
10,state	32
10,states	32
10,this	92
10,time	59
10,two	58
10,uk	100
10,united	44
10,university	81
10,used	10
10,war	20
10,world	67
10,www	181
10,years	375
11,0	584
11,1	832
11,10	863
11,12	752
11,2	667
11,2006	852
11,2007	1355
11,2008	1282
11,2009	1088
11,2010	1906
11,2011	1740
11,26amp	7
11,3	563
11,4	502
11,5	568
11,6	397
11,7	386
11,8	411
11,9	739
11,american	124
11,apos	209
11,category	36
11,city	65
11,county	26
11,d	38
11,first	37
11,history	50
11,http	777
11,i	30
11,m	109
11,n	227
11,other	46
11,p	199
11,people	108
11,quot	378
11,s	132
11,state	21
11,states	34
11,this	78
11,time	33
11,two	45
11,uk	83
11,united	52
11,university	45
11,used	5
11,war	20
11,world	56
11,www	172
11,years	74
12,0	713
12,1	787
12,10	773
12,11	752
12,2	754
12,2006	758
12,2007	1178
12,2008	1175
12,2009	1092
12,2010	1489
12,2011	1695
12,26amp	1
12,3	528
12,4	498
12,5	555
12,6	487
12,7	499
12,8	428
12,9	504
12,american	130
12,apos	238
12,category	23
12,city	45
12,county	43
12,d	37
12,first	36
12,history	52
12,http	664
12,i	53
12,m	95
12,n	228
12,other	57
12,p	186
12,people	104
12,quot	530
12,s	201
12,state	31
12,states	33
12,this	65
12,time	47
12,two	64
12,uk	75
12,united	33
12,university	46
12,used	6
12,war	25
12,world	39
12,www	102
12,years	152
2,0	3908
2,1	7047
2,10	1017
2,11	667
2,12	754
2,2006	397
2,2007	481
2,2008	504
2,2009	547
2,2010	834
2,2011	738
2,26amp	21
2,3	4409
2,4	3079
2,5	2568
2,6	2081
2,7	1555
2,8	1546
2,9	1308
2,american	278
2,apos	734
2,category	175
2,city	110
2,county	97
2,d	292
2,first	118
2,history	103
2,http	534
2,i	246
2,m	753
2,n	788
2,other	113
2,p	627
2,people	584
2,quot	1811
2,s	687
2,state	64
2,states	133
2,this	205
2,time	102
2,two	133
2,uk	519
2,united	98
2,university	73
2,used	24
2,war	64
2,world	147
2,www	130
2,years	235
2006,0	265
2006,1	589
2006,10	842
2006,11	852
2006,12	758
2006,2	397
2006,2007	354
2006,2008	186
2006,2009	131
2006,2010	154
2006,2011	124
2006,26amp	3
2006,3	326
2006,4	268
2006,5	284
2006,6	313
2006,7	290
2006,8	229
2006,9	261
2006,american	81
2006,apos	432
2006,category	69
2006,city	49
2006,county	27
2006,d	117
2006,first	38
2006,history	70
2006,http	796
2006,i	35
2006,m	83
2006,n	35
2006,other	26
2006,p	408
2006,people	31
2006,quot	542
2006,s	220
2006,state	51
2006,states	42
2006,this	98
2006,time	56
2006,two	32
2006,uk	94
2006,united	60
2006,university	225
2006,used	4
2006,war	18
2006,world	143
2006,www	439
2006,years	20
2007,0	194
2007,1	764
2007,10	1400
2007,11	1355
2007,12	1178
2007,2	481
2007,2006	354
2007,2008	426
2007,2009	234
2007,2010	200
2007,2011	171
2007,26amp	4
2007,3	445
2007,4	391
2007,5	399
2007,6	401
2007,7	326
2007,8	332
2007,9	402
2007,american	79
2007,apos	405
2007,category	81
2007,city	72
2007,county	52
2007,d	148
2007,first	56
2007,history	124
2007,http	1046
2007,i	48
2007,m	76
2007,n	49
2007,other	52
2007,p	361
2007,people	37
2007,quot	630
2007,s	226
2007,state	52
2007,states	56
2007,this	132
2007,time	52
2007,two	39
2007,uk	133
2007,united	62
2007,university	236
2007,used	10
2007,war	28
2007,world	105
2007,www	541
2007,years	27
2008,0	182
2008,1	730
2008,10	1390
2008,11	1282
2008,12	1175
2008,2	504
2008,2006	186
2008,2007	426
2008,2009	395
2008,2010	291
2008,2011	164
2008,26amp	2
2008,3	443
2008,4	452
2008,5	381
2008,6	415
2008,7	395
2008,8	456
2008,9	350
2008,american	58
2008,apos	443
2008,category	50
2008,city	91
2008,county	48
2008,d	123
2008,first	59
2008,history	131
2008,http	1034
2008,i	33
2008,m	67
2008,n	40
2008,other	58
2008,p	328
2008,people	36
2008,quot	633
2008,s	231
2008,state	55
2008,states	52
2008,this	137
2008,time	61
2008,two	44
2008,uk	185
2008,united	84
2008,university	178
2008,used	14
2008,war	28
2008,world	105
2008,www	609
2008,years	36
2009,0	170
2009,1	671
2009,10	1514
2009,11	1088
2009,12	1092
2009,2	547
2009,2006	131
2009,2007	234
2009,2008	395
2009,2010	552
2009,2011	243
2009,26amp	3
2009,3	555
2009,4	425
2009,5	396
2009,6	388
2009,7	377
2009,8	323
2009,9	491
2009,american	53
2009,apos	456
2009,category	49
2009,city	108
2009,county	67
2009,d	104
2009,first	66
2009,history	133
2009,http	1127
2009,i	32
2009,m	51
2009,n	36
2009,other	58
2009,p	218
2009,people	46
2009,quot	560
2009,s	192
2009,state	56
2009,states	46
2009,this	153
2009,time	56
2009,two	33
2009,uk	189
2009,united	77
2009,university	194
2009,used	9
2009,war	30
2009,world	133
2009,www	722
2009,years	40
2010,0	549
2010,1	1001
2010,10	1583
2010,11	1906
2010,12	1489
2010,2	834
2010,2006	154
2010,2007	200
2010,2008	291
2010,2009	552
2010,2011	523
2010,26amp	16
2010,3	717
2010,4	569
2010,5	594
2010,6	585
2010,7	572
2010,8	569
2010,9	534
2010,american	123
2010,apos	474
2010,category	269
2010,city	166
2010,county	75
2010,d	141
2010,first	72
2010,history	248
2010,http	1814
2010,i	37
2010,m	70
2010,n	58
2010,other	61
2010,p	193
2010,people	53
2010,quot	640
2010,s	286
2010,state	96
2010,states	237
2010,this	203
2010,time	44
2010,two	58
2010,uk	277
2010,united	289
2010,university	192
2010,used	14
2010,war	25
2010,world	220
2010,www	1023
2010,years	40
2011,0	117
2011,1	857
2011,10	1626
2011,11	1740
2011,12	1695
2011,2	738
2011,2006	124
2011,2007	171
2011,2008	164
2011,2009	243
2011,2010	523
2011,3	619
2011,4	589
2011,5	672
2011,6	503
2011,7	696
2011,8	561
2011,9	527
2011,american	53
2011,apos	443
2011,category	244
2011,city	109
2011,county	111
2011,d	94
2011,first	85
2011,history	175
2011,http	1780
2011,i	28
2011,m	48
2011,n	32
2011,other	85
2011,p	147
2011,people	41
2011,quot	826
2011,s	206
2011,state	68
2011,states	178
2011,this	216
2011,time	49
2011,two	52
2011,uk	242
2011,united	82
2011,university	197
2011,used	17
2011,war	24
2011,world	156
2011,www	1084
2011,years	55
26amp,0	255
26amp,1	53
26amp,10	5
26amp,11	7
26amp,12	1
26amp,2	21
26amp,2006	3
26amp,2007	4
26amp,2008	2
26amp,2009	3
26amp,2010	16
26amp,3	6
26amp,4	3
26amp,5	9
26amp,6	4
26amp,7	3
26amp,8	26
26amp,9	13
26amp,american	3
26amp,category	10
26amp,city	4
26amp,d	14
26amp,history	3
26amp,http	3
26amp,i	11
26amp,m	13
26amp,n	4
26amp,p	69
26amp,people	4
26amp,s	72
26amp,state	2
26amp,united	1
26amp,university	1
26amp,world	1
3,0	2710
3,1	3902
3,10	834
3,11	563
3,12	528
3,2	4409
3,2006	326
3,2007	445
3,2008	443
3,2009	555
3,2010	717
3,2011	619
3,26amp	6
3,4	3093
3,5	2440
3,6	2005
3,7	1288
3,8	1234
3,9	1013
3,american	198
3,apos	562
3,category	41
3,city	71
3,county	64
3,d	188
3,first	86
3,history	74
3,http	565
3,i	123
3,m	489
3,n	333
3,other	86
3,p	451
3,people	417
3,quot	1189
3,s	440
3,state	43
3,states	62
3,this	148
3,time	72
3,two	105
3,uk	63
3,united	61
3,university	50
3,used	23
3,war	32
3,world	67
3,www	174
3,years	238
4,0	2136
4,1	3063
4,10	757
4,11	502
4,12	498
4,2	3079
4,2006	268
4,2007	391
4,2008	452
4,2009	425
4,2010	569
4,2011	589
4,26amp	3
4,3	3093
4,5	2600
4,6	1903
4,7	1173
4,8	1216
4,9	986
4,american	158
4,apos	451
4,category	50
4,city	38
4,county	73
4,d	115
4,first	55
4,history	56
4,http	416
4,i	76
4,m	326
4,n	302
4,other	92
4,p	402
4,people	365
4,quot	941
4,s	359
4,state	42
4,states	42
4,this	114
4,time	81
4,two	68
4,uk	62
4,united	42
4,university	45
4,used	21
4,war	20
4,world	30
4,www	86
4,years	146
5,0	2108
5,1	2890
5,10	946
5,11	568
5,12	555
5,2	2568
5,2006	284
5,2007	399
5,2008	381
5,2009	396
5,2010	594
5,2011	672
5,26amp	9
5,3	2440
5,4	2600
5,6	2218
5,7	1459
5,8	1196
5,9	1039
5,american	162
5,apos	452
5,category	46
5,city	59
5,county	29
5,d	57
5,first	48
5,history	38
5,http	534
5,i	109
5,m	376
5,n	234
5,other	86
5,p	342
5,people	377
5,quot	785
5,s	369
5,state	40
5,states	47
5,this	101
5,time	34
5,two	70
5,uk	51
5,united	55
5,university	26
5,used	33
5,war	17
5,world	32
5,www	154
5,years	267
6,0	1782
6,1	2382
6,10	740
6,11	397
6,12	487
6,2	2081
6,2006	313
6,2007	401
6,2008	415
6,2009	388
6,2010	585
6,2011	503
6,26amp	4
6,3	2005
6,4	1903
6,5	2218
6,7	1820
6,8	1235
6,9	929
6,american	119
6,apos	293
6,category	25
6,city	58
6,county	220
6,d	53
6,first	53
6,history	83
6,http	362
6,i	60
6,m	286
6,n	220
6,other	59
6,p	267
6,people	351
6,quot	557
6,s	251
6,state	40
6,states	91
6,this	94
6,time	40
6,two	56
6,uk	49
6,united	107
6,university	21
6,used	17
6,war	22
6,world	27
6,www	90
6,years	151
7,0	1429
7,1	1899
7,10	653
7,11	386
7,12	499
7,2	1555
7,2006	290
7,2007	326
7,2008	395
7,2009	377
7,2010	572
7,2011	696
7,26amp	3
7,3	1288
7,4	1173
7,5	1459
7,6	1820
7,8	1427
7,9	923
7,american	99
7,apos	229
7,category	33
7,city	44
7,county	28
7,d	47
7,first	32
7,history	36
7,http	359
7,i	40
7,m	258
7,n	194
7,other	56
7,p	288
7,people	331
7,quot	613
7,s	211
7,state	42
7,states	21
7,this	55
7,time	41
7,two	62
7,uk	44
7,united	35
7,university	28
7,used	11
7,war	14
7,world	25
7,www	69
7,years	111
8,0	1402
8,1	1740
8,10	736
8,11	411
8,12	428
8,2	1546
8,2006	229
8,2007	332
8,2008	456
8,2009	323
8,2010	569
8,2011	561
8,26amp	26
8,3	1234
8,4	1216
8,5	1196
8,6	1235
8,7	1427
8,9	1162
8,american	107
8,apos	264
8,category	34
8,city	37
8,county	35
8,d	36
8,first	29
8,history	39
8,http	310
8,i	69
8,m	245
8,n	202
8,other	69
8,p	329
8,people	320
8,quot	517
8,s	262
8,state	26
8,states	18
8,this	70
8,time	56
8,two	40
8,uk	41
8,united	31
8,university	21
8,used	20
8,war	27
8,world	28
8,www	71
8,years	96
9,0	1242
9,1	1639
9,10	862
9,11	739
9,12	504
9,2	1308
9,2006	261
9,2007	402
9,2008	350
9,2009	491
9,2010	534
9,2011	527
9,26amp	13
9,3	1013
9,4	986
9,5	1039
9,6	929
9,7	923
9,8	1162
9,american	104
9,apos	203
9,category	23
9,city	39
9,county	31
9,d	56
9,first	35
9,history	29
9,http	318
9,i	35
9,m	204
9,n	221
9,other	42
9,p	326
9,people	272
9,quot	469
9,s	207
9,state	33
9,states	26
9,this	62
9,time	42
9,two	39
9,uk	39
9,united	30
9,university	37
9,used	15
9,war	13
9,world	30
9,www	60
9,years	91
american,0	2063
american,1	522
american,10	117
american,11	124
american,12	130
american,2	278
american,2006	81
american,2007	79
american,2008	58
american,2009	53
american,2010	123
american,2011	53
american,26amp	3
american,3	198
american,4	158
american,5	162
american,6	119
american,7	99
american,8	107
american,9	104
american,apos	511
american,category	4245
american,city	70
american,county	3
american,d	530
american,first	311
american,history	374
american,http	107
american,i	22
american,m	22
american,n	18
american,other	100
american,p	38
american,people	567
american,quot	848
american,s	336
american,state	25
american,states	135
american,this	46
american,time	38
american,two	50
american,uk	13
american,united	125
american,university	124
american,used	24
american,war	909
american,world	42
american,www	20
american,years	20
apos,0	265
apos,1	884
apos,10	303
apos,11	209
apos,12	238
apos,2	734
apos,2006	432
apos,2007	405
apos,2008	443
apos,2009	456
apos,2010	474
apos,2011	443
apos,3	562
apos,4	451
apos,5	452
apos,6	293
apos,7	229
apos,8	264
apos,9	203
apos,american	511
apos,category	397
apos,city	1659
apos,county	644
apos,d	4858
apos,first	2764
apos,history	1006
apos,http	512
apos,i	3520
apos,m	1664
apos,n	1284
apos,other	599
apos,p	916
apos,people	1789
apos,quot	10668
apos,s	139865
apos,state	707
apos,states	356
apos,this	656
apos,time	749
apos,two	520
apos,uk	348
apos,united	364
apos,university	888
apos,used	185
apos,war	911
apos,world	2549
apos,www	208
apos,years	459
category,0	21
category,1	98
category,10	31
category,11	36
category,12	23
category,2	175
category,2006	69
category,2007	81
category,2008	50
category,2009	49
category,2010	269
category,2011	244
category,26amp	10
category,3	41
category,4	50
category,5	46
category,6	25
category,7	33
category,8	34
category,9	23
category,american	4245
category,apos	397
category,city	375
category,county	1492
category,d	192
category,first	72
category,history	733
category,http	24
category,i	122
category,m	61
category,n	33
category,other	14
category,p	19
category,people	5487
category,quot	146
category,s	441
category,state	367
category,states	1843
category,this	93
category,time	45
category,two	9
category,uk	526
category,united	2009
category,university	1116
category,used	7
category,war	664
category,world	344
category,www	10
category,years	31
city,0	65
city,1	161
city,10	56
city,11	65
city,12	45
city,2	110
city,2006	49
city,2007	72
city,2008	91
city,2009	108
city,2010	166
city,2011	109
city,26amp	4
city,3	71
city,4	38
city,5	59
city,6	58
city,7	44
city,8	37
city,9	39
city,american	70
city,apos	1659
city,category	375
city,county	202
city,d	12
city,first	120
city,history	141
city,http	320
city,i	32
city,m	21
city,n	37
city,other	85
city,p	17
city,people	31
city,quot	892
city,s	1654
city,state	181
city,states	141
city,this	162
city,time	41
city,two	79
city,uk	13
city,united	89
city,university	154
city,used	17
city,war	32
city,world	35
city,www	186
city,years	28
county,0	12
county,1	161
county,10	23
county,11	26
county,12	43
county,2	97
county,2006	27
county,2007	52
county,2008	48
county,2009	67
county,2010	75
county,2011	111
county,3	64
county,4	73
county,5	29
county,6	220
county,7	28
county,8	35
county,9	31
county,american	3
county,apos	644
county,category	1492
county,city	202
county,d	22
county,first	49
county,history	289
county,http	188
county,i	28
county,m	13
county,n	25
county,other	31
county,p	14
county,people	38
county,quot	309
county,s	508
county,state	475
county,states	66
county,this	75
county,time	18
county,two	36
county,uk	216
county,united	721
county,university	27
county,used	8
county,war	15
county,world	7
county,www	82
county,years	13
d,0	100
d,1	229
d,10	41
d,11	38
d,12	37
d,2	292
d,2006	117
d,2007	148
d,2008	123
d,2009	104
d,2010	141
d,2011	94
d,26amp	14
d,3	188
d,4	115
d,5	57
d,6	53
d,7	47
d,8	36
d,9	56
d,american	530
d,apos	4858
d,category	192
d,city	12
d,county	22
d,first	48
d,history	33
d,http	133
d,i	457
d,m	604
d,n	565
d,other	21
d,p	390
d,people	9
d,quot	747
d,s	695
d,state	21
d,states	44
d,this	53
d,time	11
d,two	25
d,uk	26
d,united	101
d,university	63
d,used	6
d,war	28
d,world	17
d,www	44
d,years	9
first,0	28
first,1	144
first,10	56
first,11	37
first,12	36
first,2	118
first,2006	38
first,2007	56
first,2008	59
first,2009	66
first,2010	72
first,2011	85
first,3	86
first,4	55
first,5	48
first,6	53
first,7	32
first,8	29
first,9	35
first,american	311
first,apos	2764
first,category	72
first,city	120
first,county	49
first,d	48
first,history	152
first,http	67
first,i	94
first,m	36
first,n	46
first,other	39
first,p	31
first,people	58
first,quot	1134
first,s	2649
first,state	100
first,states	70
first,this	206
first,time	1563
first,two	612
first,uk	40
first,united	68
first,university	80
first,used	231
first,war	613
first,world	509
first,www	6
first,years	358
history,0	47
history,1	119
history,10	51
history,11	50
history,12	52
history,2	103
history,2006	70
history,2007	124
history,2008	131
history,2009	133
history,2010	248
history,2011	175
history,26amp	3
history,3	74
history,4	56
history,5	38
history,6	83
history,7	36
history,8	39
history,9	29
history,american	374
history,apos	1006
history,category	733
history,city	141
history,county	289
history,d	33
history,first	152
history,http	438
history,i	46
history,m	26
history,n	28
history,other	36
history,p	95
history,people	42
history,quot	816
history,s	902
history,state	85
history,states	110
history,this	113
history,time	57
history,two	21
history,uk	216
history,united	105
history,university	132
history,used	13
history,war	93
history,world	161
history,www	287
history,years	66
http,0	238
http,1	645
http,10	757
http,11	777
http,12	664
http,2	534
http,2006	796
http,2007	1046
http,2008	1034
http,2009	1127
http,2010	1814
http,2011	1780
http,26amp	3
http,3	565
http,4	416
http,5	534
http,6	362
http,7	359
http,8	310
http,9	318
http,american	107
http,apos	512
http,category	24
http,city	320
http,county	188
http,d	133
http,first	67
http,history	438
http,i	83
http,m	122
http,n	84
http,other	128
http,p	116
http,people	258
http,quot	2924
http,s	812
http,state	288
http,states	246
http,this	108
http,time	571
http,two	78
http,uk	417
http,united	217
http,university	228
http,used	26
http,war	139
http,world	285
http,www	51994
http,years	180
i,0	122
i,1	497
i,10	93
i,11	30
i,12	53
i,2	246
i,2006	35
i,2007	48
i,2008	33
i,2009	32
i,2010	37
i,2011	28
i,26amp	11
i,3	123
i,4	76
i,5	109
i,6	60
i,7	40
i,8	69
i,9	35
i,american	22
i,apos	3520
i,category	122
i,city	32
i,county	28
i,d	457
i,first	94
i,history	46
i,http	83
i,m	1321
i,n	711
i,other	73
i,p	301
i,people	64
i,quot	4120
i,s	782
i,state	44
i,states	35
i,this	257
i,time	119
i,two	55
i,uk	97
i,united	42
i,university	29
i,used	61
i,war	1317
i,world	1349
i,www	30
i,years	59
m,0	544
m,1	782
m,10	235
m,11	109
m,12	95
m,2	753
m,2006	83
m,2007	76
m,2008	67
m,2009	51
m,2010	70
m,2011	48
m,26amp	13
m,3	489
m,4	326
m,5	376
m,6	286
m,7	258
m,8	245
m,9	204
m,american	22
m,apos	1664
m,category	61
m,city	21
m,county	13
m,d	604
m,first	36
m,history	26
m,http	122
m,i	1321
m,n	1124
m,other	23
m,p	757
m,people	26
m,quot	945
m,s	1045
m,state	7
m,states	26
m,this	54
m,time	41
m,two	28
m,uk	44
m,united	20
m,university	87
m,used	12
m,war	28
m,world	27
m,www	38
m,years	10
n,0	525
n,1	1209
n,10	298
n,11	227
n,12	228
n,2	788
n,2006	35
n,2007	49
n,2008	40
n,2009	36
n,2010	58
n,2011	32
n,26amp	4
n,3	333
n,4	302
n,5	234
n,6	220
n,7	194
n,8	202
n,9	221
n,american	18
n,apos	1284
n,category	33
n,city	37
n,county	25
n,d	565
n,first	46
n,history	28
n,http	84
n,i	711
n,m	1124
n,other	31
n,p	607
n,people	11
n,quot	830
n,s	866
n,state	54
n,states	20
n,this	57
n,time	26
n,two	32
n,uk	58
n,united	9
n,university	15
n,used	16
n,war	43
n,world	31
n,www	28
n,years	10
other,0	130
other,1	128
other,10	56
other,11	46
other,12	57
other,2	113
other,2006	26
other,2007	52
other,2008	58
other,2009	58
other,2010	61
other,2011	85
other,3	86
other,4	92
other,5	86
other,6	59
other,7	56
other,8	69
other,9	42
other,american	100
other,apos	599
other,category	14
other,city	85
other,county	31
other,d	21
other,first	39
other,history	36
other,http	128
other,i	73
other,m	23
other,n	31
other,p	65
other,people	298
other,quot	843
other,s	836
other,state	74
other,states	244
other,this	222
other,time	93
other,two	588
other,uk	27
other,united	17
other,university	54
other,used	141
other,war	46
other,world	77
other,www	12
other,years	34
p,0	168
p,1	824
p,10	213
p,11	199
p,12	186
p,2	627
p,2006	408
p,2007	361
p,2008	328
p,2009	218
p,2010	193
p,2011	147
p,26amp	69
p,3	451
p,4	402
p,5	342
p,6	267
p,7	288
p,8	329
p,9	326
p,american	38
p,apos	916
p,category	19
p,city	17
p,county	14
p,d	390
p,first	31
p,history	95
p,http	116
p,i	301
p,m	757
p,n	607
p,other	65
p,people	14
p,quot	1602
p,s	665
p,state	46
p,states	18
p,this	206
p,time	29
p,two	41
p,uk	35
p,united	16
p,university	135
p,used	12
p,war	53
p,world	36
p,www	10
p,years	30
people,0	265
people,1	749
people,10	167
people,11	108
people,12	104
people,2	584
people,2006	31
people,2007	37
people,2008	36
people,2009	46
people,2010	53
people,2011	41
people,26amp	4
people,3	417
people,4	365
people,5	377
people,6	351
people,7	331
people,8	320
people,9	272
people,american	567
people,apos	1789
people,category	5487
people,city	31
people,county	38
people,d	9
people,first	58
people,history	42
people,http	258
people,i	64
people,m	26
people,n	11
people,other	298
people,p	14
people,quot	754
people,s	1721
people,state	14
people,states	55
people,this	120
people,time	44
people,two	118
people,uk	74
people,united	36
people,university	45
people,used	45
people,war	27
people,world	55
people,www	171
people,years	24
quot,0	558
quot,1	1564
quot,10	586
quot,11	378
quot,12	530
quot,2	1811
quot,2006	542
quot,2007	630
quot,2008	633
quot,2009	560
quot,2010	640
quot,2011	826
quot,3	1189
quot,4	941
quot,5	785
quot,6	557
quot,7	613
quot,8	517
quot,9	469
quot,american	848
quot,apos	10668
quot,category	146
quot,city	892
quot,county	309
quot,d	747
quot,first	1134
quot,history	816
quot,http	2924
quot,i	4120
quot,m	945
quot,n	830
quot,other	843
quot,p	1602
quot,people	754
quot,s	5860
quot,state	582
quot,states	726
quot,this	2425
quot,time	1161
quot,two	779
quot,uk	211
quot,united	411
quot,university	328
quot,used	611
quot,war	641
quot,world	1277
quot,www	1954
quot,years	445
s,0	263
s,1	788
s,10	356
s,11	132
s,12	201
s,2	687
s,2006	220
s,2007	226
s,2008	231
s,2009	192
s,2010	286
s,2011	206
s,26amp	72
s,3	440
s,4	359
s,5	369
s,6	251
s,7	211
s,8	262
s,9	207
s,american	336
s,apos	139865
s,category	441
s,city	1654
s,county	508
s,d	695
s,first	2649
s,history	902
s,http	812
s,i	782
s,m	1045
s,n	866
s,other	836
s,p	665
s,people	1721
s,quot	5860
s,state	1404
s,states	233
s,this	581
s,time	452
s,two	584
s,uk	305
s,united	148
s,university	760
s,used	250
s,war	566
s,world	2489
s,www	182
s,years	162
state,0	35
state,1	75
state,10	32
state,11	21
state,12	31
state,2	64
state,2006	51
state,2007	52
state,2008	55
state,2009	56
state,2010	96
state,2011	68
state,26amp	2
state,3	43
state,4	42
state,5	40
state,6	40
state,7	42
state,8	26
state,9	33
state,american	25
state,apos	707
state,category	367
state,city	181
state,county	475
state,d	21
state,first	100
state,history	85
state,http	288
state,i	44
state,m	7
state,n	54
state,other	74
state,p	46
state,people	14
state,quot	582
state,s	1404
state,states	333
state,this	170
state,time	20
state,two	68
state,uk	1
state,united	368
state,university	1479
state,used	13
state,war	74
state,world	9
state,www	368
state,years	11
states,0	33
states,1	87
states,10	32
states,11	34
states,12	33
states,2	133
states,2006	42
states,2007	56
states,2008	52
states,2009	46
states,2010	237
states,2011	178
states,3	62
states,4	42
states,5	47
states,6	91
states,7	21
states,8	18
states,9	26
states,american	135
states,apos	356
states,category	1843
states,city	141
states,county	66
states,d	44
states,first	70
states,history	110
states,http	246
states,i	35
states,m	26
states,n	20
states,other	244
states,p	18
states,people	55
states,quot	726
states,s	233
states,state	333
states,this	124
states,time	9
states,two	107
states,uk	9
states,united	21420
states,university	58
states,used	13
states,war	56
states,world	69
states,www	136
states,years	21
this,0	94
this,1	221
this,10	92
this,11	78
this,12	65
this,2	205
this,2006	98
this,2007	132
this,2008	137
this,2009	153
this,2010	203
this,2011	216
this,3	148
this,4	114
this,5	101
this,6	94
this,7	55
this,8	70
this,9	62
this,american	46
this,apos	656
this,category	93
this,city	162
this,county	75
this,d	53
this,first	206
this,history	113
this,http	108
this,i	257
this,m	54
this,n	57
this,other	222
this,p	206
this,people	120
this,quot	2425
this,s	581
this,state	170
this,states	124
this,time	2142
this,two	101
this,uk	43
this,united	57
this,university	45
this,used	326
this,war	175
this,world	193
this,www	4
this,years	164
time,0	48
time,1	143
time,10	59
time,11	33
time,12	47
time,2	102
time,2006	56
time,2007	52
time,2008	61
time,2009	56
time,2010	44
time,2011	49
time,3	72
time,4	81
time,5	34
time,6	40
time,7	41
time,8	56
time,9	42
time,american	38
time,apos	749
time,category	45
time,city	41
time,county	18
time,d	11
time,first	1563
time,history	57
time,http	571
time,i	119
time,m	41
time,n	26
time,other	93
time,p	29
time,people	44
time,quot	1161
time,s	452
time,state	20
time,states	9
time,this	2142
time,two	151
time,uk	11
time,united	15
time,university	21
time,used	43
time,war	60
time,world	128
time,www	455
time,years	34
two,0	54
two,1	136
two,10	58
two,11	45
two,12	64
two,2	133
two,2006	32
two,2007	39
two,2008	44
two,2009	33
two,2010	58
two,2011	52
two,3	105
two,4	68
two,5	70
two,6	56
two,7	62
two,8	40
two,9	39
two,american	50
two,apos	520
two,category	9
two,city	79
two,county	36
two,d	25
two,first	612
two,history	21
two,http	78
two,i	55
two,m	28
two,n	32
two,other	588
two,p	41
two,people	118
two,quot	779
two,s	584
two,state	68
two,states	107
two,this	101
two,time	151
two,uk	20
two,united	25
two,university	19
two,used	86
two,war	89
two,world	120
two,www	7
two,years	1370
uk,0	144
uk,1	886
uk,10	100
uk,11	83
uk,12	75
uk,2	519
uk,2006	94
uk,2007	133
uk,2008	185
uk,2009	189
uk,2010	277
uk,2011	242
uk,3	63
uk,4	62
uk,5	51
uk,6	49
uk,7	44
uk,8	41
uk,9	39
uk,american	13
uk,apos	348
uk,category	526
uk,city	13
uk,county	216
uk,d	26
uk,first	40
uk,history	216
uk,http	417
uk,i	97
uk,m	44
uk,n	58
uk,other	27
uk,p	35
uk,people	74
uk,quot	211
uk,s	305
uk,state	1
uk,states	9
uk,this	43
uk,time	11
uk,two	20
uk,united	33
uk,university	70
uk,used	6
uk,war	79
uk,world	191
uk,www	218
uk,years	9
united,0	63
united,1	92
united,10	44
united,11	52
united,12	33
united,2	98
united,2006	60
united,2007	62
united,2008	84
united,2009	77
united,2010	289
united,2011	82
united,26amp	1
united,3	61
united,4	42
united,5	55
united,6	107
united,7	35
united,8	31
united,9	30
united,american	125
united,apos	364
united,category	2009
united,city	89
united,county	721
united,d	101
united,first	68
united,history	105
united,http	217
united,i	42
united,m	20
united,n	9
united,other	17
united,p	16
united,people	36
united,quot	411
united,s	148
united,state	368
united,states	21420
united,this	57
united,time	15
united,two	25
united,uk	33
united,university	59
united,used	7
united,war	59
united,world	51
united,www	7
united,years	11
university,0	311
university,1	76
university,10	81
university,11	45
university,12	46
university,2	73
university,2006	225
university,2007	236
university,2008	178
university,2009	194
university,2010	192
university,2011	197
university,26amp	1
university,3	50
university,4	45
university,5	26
university,6	21
university,7	28
university,8	21
university,9	37
university,american	124
university,apos	888
university,category	1116
university,city	154
university,county	27
university,d	63
university,first	80
university,history	132
university,http	228
university,i	29
university,m	87
university,n	15
university,other	54
university,p	135
university,people	45
university,quot	328
university,s	760
university,state	1479
university,states	58
university,this	45
university,time	21
university,two	19
university,uk	70
university,united	59
university,used	13
university,war	40
university,world	196
university,www	66
university,years	26
used,0	12
used,1	30
used,10	10
used,11	5
used,12	6
used,2	24
used,2006	4
used,2007	10
used,2008	14
used,2009	9
used,2010	14
used,2011	17
used,3	23
used,4	21
used,5	33
used,6	17
used,7	11
used,8	20
used,9	15
used,american	24
used,apos	185
used,category	7
used,city	17
used,county	8
used,d	6
used,first	231
used,history	13
used,http	26
used,i	61
used,m	12
used,n	16
used,other	141
used,p	12
used,people	45
used,quot	611
used,s	250
used,state	13
used,states	13
used,this	326
used,time	43
used,two	86
used,uk	6
used,united	7
used,university	13
used,war	16
used,world	46
used,www	16
used,years	19
war,0	11
war,1	49
war,10	20
war,11	20
war,12	25
war,2	64
war,2006	18
war,2007	28
war,2008	28
war,2009	30
war,2010	25
war,2011	24
war,3	32
war,4	20
war,5	17
war,6	22
war,7	14
war,8	27
war,9	13
war,american	909
war,apos	911
war,category	664
war,city	32
war,county	15
war,d	28
war,first	613
war,history	93
war,http	139
war,i	1317
war,m	28
war,n	43
war,other	46
war,p	53
war,people	27
war,quot	641
war,s	566
war,state	74
war,states	56
war,this	175
war,time	60
war,two	89
war,uk	79
war,united	59
war,university	40
war,used	16
war,world	5389
war,www	53
war,years	387
world,0	54
world,1	290
world,10	67
world,11	56
world,12	39
world,2	147
world,2006	143
world,2007	105
world,2008	105
world,2009	133
world,2010	220
world,2011	156
world,26amp	1
world,3	67
world,4	30
world,5	32
world,6	27
world,7	25
world,8	28
world,9	30
world,american	42
world,apos	2549
world,category	344
world,city	35
world,county	7
world,d	17
world,first	509
world,history	161
world,http	285
world,i	1349
world,m	27
world,n	31
world,other	77
world,p	36
world,people	55
world,quot	1277
world,s	2489
world,state	9
world,states	69
world,this	193
world,time	128
world,two	120
world,uk	191
world,united	51
world,university	196
world,used	46
world,war	5389
world,www	143
world,years	43
www,0	49
www,1	130
www,10	181
www,11	172
www,12	102
www,2	130
www,2006	439
www,2007	541
www,2008	609
www,2009	722
www,2010	1023
www,2011	1084
www,3	174
www,4	86
www,5	154
www,6	90
www,7	69
www,8	71
www,9	60
www,american	20
www,apos	208
www,category	10
www,city	186
www,county	82
www,d	44
www,first	6
www,history	287
www,http	51994
www,i	30
www,m	38
www,n	28
www,other	12
www,p	10
www,people	171
www,quot	1954
www,s	182
www,state	368
www,states	136
www,this	4
www,time	455
www,two	7
www,uk	218
www,united	7
www,university	66
www,used	16
www,war	53
www,world	143
www,years	95
years,0	55
years,1	162
years,10	375
years,11	74
years,12	152
years,2	235
years,2006	20
years,2007	27
years,2008	36
years,2009	40
years,2010	40
years,2011	55
years,3	238
years,4	146
years,5	267
years,6	151
years,7	111
years,8	96
years,9	91
years,american	20
years,apos	459
years,category	31
years,city	28
years,county	13
years,d	9
years,first	358
years,history	66
years,http	180
years,i	59
years,m	10
years,n	10
years,other	34
years,p	30
years,people	24
years,quot	445
years,s	162
years,state	11
years,states	21
years,this	164
years,time	34
years,two	1370
years,uk	9
years,united	11
years,university	26
years,used	19
years,war	387
years,world	43
years,www	95
