0,1	10598
0,10	1247
0,11	790
0,12	951
0,2	6968
0,2006	383
0,2007	325
0,2008	301
0,2009	267
0,2010	723
0,2011	230
0,26amp	355
0,3	5300
0,4	4544
0,5	4433
0,6	3975
0,7	3406
0,8	3451
0,9	3193
0,american	3681
0,apos	506
0,category	25
0,city	132
0,county	40
0,d	163
0,first	79
0,history	75
0,http	312
0,i	183
0,m	678
0,n	771
0,other	1382
0,p	526
0,people	345
0,quot	805
0,s	529
0,state	75
0,states	49
0,this	136
0,time	322
0,two	635
0,uk	538
0,united	139
0,university	1091
0,used	38
0,war	30
0,world	94
0,www	123
0,years	97
1,0	10598
1,10	2165
1,11	1171
1,12	1138
1,2	10204
1,2006	767
1,2007	966
1,2008	918
1,2009	887
1,2010	1350
1,2011	1110
1,26amp	160
1,3	6044
1,4	4733
1,5	4433
1,6	3631
1,7	3052
1,8	2807
1,9	2658
1,american	891
1,apos	1620
1,category	161
1,city	317
1,county	244
1,d	416
1,first	290
1,history	214
1,http	1045
1,i	786
1,m	1046
1,n	1625
1,other	818
1,p	1139
1,people	1148
1,quot	2313
1,s	1345
1,state	150
1,states	141
1,this	363
1,time	237
1,two	670
1,uk	959
1,united	268
1,university	177
1,used	69
1,war	91
1,world	419
1,www	387
1,years	241
10,0	1247
10,1	2165
10,11	1301
10,12	1085
10,2	1683
10,2006	1048
10,2007	1685
10,2008	1629
10,2009	1727
10,2010	1822
10,2011	1790
10,26amp	75
10,3	1385
10,4	1215
10,5	1341
10,6	1104
10,7	984
10,8	1076
10,9	1291
10,american	192
10,apos	624
10,category	58
10,city	128
10,county	77
10,d	110
10,first	111
10,history	94
10,http	1061
10,i	145
10,m	349
10,n	406
10,other	97
10,p	284
10,people	193
10,quot	885
10,s	633
10,state	69
10,states	89
10,this	171
10,time	126
10,two	91
10,uk	142
10,united	97
10,university	123
10,used	36
10,war	45
10,world	117
10,www	468
10,years	417
11,0	790
11,1	1171
11,10	1301
11,12	1080
11,2	988
11,2006	914
11,2007	1419
11,2008	1342
11,2009	1150
11,2010	2034
11,2011	1841
11,26amp	44
11,3	838
11,4	740
11,5	792
11,6	589
11,7	553
11,8	634
11,9	941
11,american	193
11,apos	427
11,category	59
11,city	132
11,county	79
11,d	91
11,first	77
11,history	82
11,http	976
11,i	64
11,m	180
11,n	308
11,other	72
11,p	260
11,people	138
11,quot	595
11,s	326
11,state	41
11,states	90
11,this	130
11,time	80
11,two	64
11,uk	127
11,united	101
11,university	71
11,used	10
11,war	39
11,world	102
11,www	484
11,years	100
12,0	951
12,1	1138
12,10	1085
12,11	1080
12,2	1100
12,2006	813
12,2007	1248
12,2008	1244
12,2009	1169
12,2010	1660
12,2011	1795
12,26amp	48
12,3	792
12,4	770
12,5	773
12,6	692
12,7	676
12,8	621
12,9	686
12,american	209
12,apos	478
12,category	42
12,city	105
12,county	86
12,d	103
12,first	81
12,history	77
12,http	881
12,i	91
12,m	150
12,n	298
12,other	88
12,p	242
12,people	121
12,quot	792
12,s	397
12,state	90
12,states	78
12,this	111
12,time	82
12,two	102
12,uk	128
12,united	61
12,university	81
12,used	18
12,war	39
12,world	77
12,www	369
12,years	179
2,0	6968
2,1	10204
2,10	1683
2,11	988
2,12	1100
2,2006	534
2,2007	634
2,2008	688
2,2009	724
2,2010	1096
2,2011	944
2,26amp	83
2,3	6240
2,4	4168
2,5	3616
2,6	2986
2,7	2241
2,8	2169
2,9	1881
2,american	482
2,apos	1386
2,category	244
2,city	215
2,county	602
2,d	446
2,first	208
2,history	189
2,http	924
2,i	421
2,m	988
2,n	1091
2,other	431
2,p	823
2,people	741
2,quot	2568
2,s	1139
2,state	116
2,states	215
2,this	328
2,time	171
2,two	425
2,uk	564
2,united	276
2,university	141
2,used	65
2,war	99
2,world	230
2,www	298
2,years	296
2006,0	383
2006,1	767
2006,10	1048
2006,11	914
2006,12	813
2006,2	534
2006,2007	678
2006,2008	385
2006,2009	326
2006,2010	400
2006,2011	327
2006,26amp	61
2006,3	428
2006,4	360
2006,5	366
2006,6	379
2006,7	342
2006,8	281
2006,9	311
2006,american	160
2006,apos	736
2006,category	84
2006,city	85
2006,county	43
2006,d	150
2006,first	76
2006,history	116
2006,http	1294
2006,i	56
2006,m	118
2006,n	65
2006,other	36
2006,p	455
2006,people	51
2006,quot	811
2006,s	476
2006,state	77
2006,states	81
2006,this	149
2006,time	106
2006,two	53
2006,uk	167
2006,united	106
2006,university	304
2006,used	17
2006,war	40
2006,world	216
2006,www	676
2006,years	46
2007,0	325
2007,1	966
2007,10	1685
2007,11	1419
2007,12	1248
2007,2	634
2007,2006	678
2007,2008	836
2007,2009	481
2007,2010	609
2007,2011	451
2007,26amp	110
2007,3	553
2007,4	508
2007,5	505
2007,6	487
2007,7	384
2007,8	391
2007,9	454
2007,american	171
2007,apos	776
2007,category	97
2007,city	144
2007,county	96
2007,d	188
2007,first	121
2007,history	187
2007,http	1833
2007,i	71
2007,m	120
2007,n	70
2007,other	84
2007,p	415
2007,people	63
2007,quot	948
2007,s	503
2007,state	95
2007,states	122
2007,this	202
2007,time	112
2007,two	83
2007,uk	288
2007,united	128
2007,university	332
2007,used	24
2007,war	47
2007,world	203
2007,www	843
2007,years	69
2008,0	301
2008,1	918
2008,10	1629
2008,11	1342
2008,12	1244
2008,2	688
2008,2006	385
2008,2007	836
2008,2009	828
2008,2010	734
2008,2011	502
2008,26amp	126
2008,3	567
2008,4	547
2008,5	476
2008,6	497
2008,7	463
2008,8	525
2008,9	412
2008,american	136
2008,apos	845
2008,category	73
2008,city	148
2008,county	79
2008,d	164
2008,first	120
2008,history	225
2008,http	1986
2008,i	63
2008,m	102
2008,n	72
2008,other	125
2008,p	375
2008,people	72
2008,quot	966
2008,s	580
2008,state	90
2008,states	111
2008,this	221
2008,time	109
2008,two	85
2008,uk	324
2008,united	153
2008,university	297
2008,used	28
2008,war	63
2008,world	227
2008,www	882
2008,years	72
2009,0	267
2009,1	887
2009,10	1727
2009,11	1150
2009,12	1169
2009,2	724
2009,2006	326
2009,2007	481
2009,2008	828
2009,2010	1245
2009,2011	626
2009,26amp	82
2009,3	685
2009,4	521
2009,5	490
2009,6	468
2009,7	439
2009,8	394
2009,9	550
2009,american	134
2009,apos	813
2009,category	58
2009,city	190
2009,county	94
2009,d	131
2009,first	109
2009,history	209
2009,http	1920
2009,i	57
2009,m	95
2009,n	64
2009,other	103
2009,p	258
2009,people	80
2009,quot	915
2009,s	516
2009,state	111
2009,states	77
2009,this	239
2009,time	108
2009,two	64
2009,uk	362
2009,united	148
2009,university	278
2009,used	21
2009,war	47
2009,world	226
2009,www	1058
2009,years	81
2010,0	723
2010,1	1350
2010,10	1822
2010,11	2034
2010,12	1660
2010,2	1096
2010,2006	400
2010,2007	609
2010,2008	734
2010,2009	1245
2010,2011	1296
2010,26amp	162
2010,3	919
2010,4	724
2010,5	761
2010,6	715
2010,7	701
2010,8	702
2010,9	633
2010,american	221
2010,apos	919
2010,category	343
2010,city	367
2010,county	187
2010,d	187
2010,first	142
2010,history	359
2010,http	2948
2010,i	72
2010,m	121
2010,n	91
2010,other	129
2010,p	251
2010,people	86
2010,quot	978
2010,s	736
2010,state	172
2010,states	379
2010,this	306
2010,time	111
2010,two	97
2010,uk	522
2010,united	443
2010,university	306
2010,used	32
2010,war	49
2010,world	334
2010,www	1527
2010,years	95
2011,0	230
2011,1	1110
2011,10	1790
2011,11	1841
2011,12	1795
2011,2	944
2011,2006	327
2011,2007	451
2011,2008	502
2011,2009	626
2011,2010	1296
2011,26amp	113
2011,3	744
2011,4	697
2011,5	775
2011,6	601
2011,7	794
2011,8	651
2011,9	612
2011,american	127
2011,apos	846
2011,category	291
2011,city	190
2011,county	161
2011,d	139
2011,first	169
2011,history	272
2011,http	2617
2011,i	64
2011,m	93
2011,n	69
2011,other	148
2011,p	188
2011,people	81
2011,quot	1165
2011,s	581
2011,state	138
2011,states	217
2011,this	308
2011,time	124
2011,two	98
2011,uk	434
2011,united	302
2011,university	363
2011,used	33
2011,war	67
2011,world	248
2011,www	1452
2011,years	96
26amp,0	355
26amp,1	160
26amp,10	75
26amp,11	44
26amp,12	48
26amp,2	83
26amp,2006	61
26amp,2007	110
26amp,2008	126
26amp,2009	82
26amp,2010	162
26amp,2011	113
26amp,3	48
26amp,4	29
26amp,5	26
26amp,6	18
26amp,7	27
26amp,8	63
26amp,9	44
26amp,american	84
26amp,apos	46
26amp,category	12
26amp,city	21
26amp,county	2
26amp,d	23
26amp,first	9
26amp,history	23
26amp,http	62
26amp,i	19
26amp,m	14
26amp,n	11
26amp,other	2
26amp,p	89
26amp,people	4
26amp,quot	23
26amp,s	84
26amp,state	7
26amp,this	11
26amp,time	3
26amp,two	2
26amp,uk	16
26amp,united	9
26amp,university	39
26amp,world	13
26amp,www	5
3,0	5300
3,1	6044
3,10	1385
3,11	838
3,12	792
3,2	6240
3,2006	428
3,2007	553
3,2008	567
3,2009	685
3,2010	919
3,2011	744
3,26amp	48
3,4	4401
3,5	3297
3,6	2834
3,7	1921
3,8	1772
3,9	1515
3,american	332
3,apos	994
3,category	63
3,city	155
3,county	121
3,d	324
3,first	162
3,history	137
3,http	846
3,i	214
3,m	637
3,n	457
3,other	267
3,p	616
3,people	523
3,quot	1783
3,s	780
3,state	79
3,states	119
3,this	258
3,time	128
3,two	259
3,uk	90
3,united	148
3,university	102
3,used	48
3,war	62
3,world	118
3,www	346
3,years	305
4,0	4544
4,1	4733
4,10	1215
4,11	740
4,12	770
4,2	4168
4,2006	360
4,2007	508
4,2008	547
4,2009	521
4,2010	724
4,2011	697
4,26amp	29
4,3	4401
4,5	3512
4,6	2514
4,7	1693
4,8	1665
4,9	1324
4,american	294
4,apos	775
4,category	71
4,city	100
4,county	121
4,d	208
4,first	108
4,history	103
4,http	683
4,i	125
4,m	459
4,n	422
4,other	230
4,p	503
4,people	442
4,quot	1369
4,s	634
4,state	70
4,states	77
4,this	197
4,time	127
4,two	171
4,uk	95
4,united	109
4,university	82
4,used	37
4,war	42
4,world	83
4,www	222
4,years	210
5,0	4433
5,1	4433
5,10	1341
5,11	792
5,12	773
5,2	3616
5,2006	366
5,2007	505
5,2008	476
5,2009	490
5,2010	761
5,2011	775
5,26amp	26
5,3	3297
5,4	3512
5,6	2971
5,7	1979
5,8	1659
5,9	1412
5,american	291
5,apos	814
5,category	134
5,city	138
5,county	82
5,d	124
5,first	96
5,history	57
5,http	734
5,i	179
5,m	510
5,n	319
5,other	172
5,p	423
5,people	446
5,quot	1213
5,s	1004
5,state	66
5,states	95
5,this	157
5,time	78
5,two	153
5,uk	84
5,united	108
5,university	57
5,used	50
5,war	37
5,world	75
5,www	363
5,years	301
6,0	3975
6,1	3631
6,10	1104
6,11	589
6,12	692
6,2	2986
6,2006	379
6,2007	487
6,2008	497
6,2009	468
6,2010	715
6,2011	601
6,26amp	18
6,3	2834
6,4	2514
6,5	2971
6,7	2541
6,8	1615
6,9	1277
6,american	211
6,apos	546
6,category	41
6,city	146
6,county	279
6,d	138
6,first	100
6,history	103
6,http	608
6,i	99
6,m	405
6,n	296
6,other	142
6,p	349
6,people	399
6,quot	873
6,s	438
6,state	70
6,states	134
6,this	142
6,time	69
6,two	98
6,uk	84
6,united	161
6,university	49
6,used	28
6,war	39
6,world	53
6,www	230
6,years	183
7,0	3406
7,1	3052
7,10	984
7,11	553
7,12	676
7,2	2241
7,2006	342
7,2007	384
7,2008	463
7,2009	439
7,2010	701
7,2011	794
7,26amp	27
7,3	1921
7,4	1693
7,5	1979
7,6	2541
7,8	1969
7,9	1296
7,american	186
7,apos	452
7,category	54
7,city	103
7,county	68
7,d	93
7,first	73
7,history	59
7,http	598
7,i	83
7,m	353
7,n	278
7,other	115
7,p	359
7,people	367
7,quot	918
7,s	371
7,state	67
7,states	55
7,this	109
7,time	66
7,two	93
7,uk	59
7,united	63
7,university	55
7,used	20
7,war	27
7,world	51
7,www	181
7,years	129
8,0	3451
8,1	2807
8,10	1076
8,11	634
8,12	621
8,2	2169
8,2006	281
8,2007	391
8,2008	525
8,2009	394
8,2010	702
8,2011	651
8,26amp	63
8,3	1772
8,4	1665
8,5	1659
8,6	1615
8,7	1969
8,9	1582
8,american	185
8,apos	487
8,category	54
8,city	92
8,county	75
8,d	105
8,first	65
8,history	67
8,http	485
8,i	104
8,m	343
8,n	311
8,other	109
8,p	388
8,people	354
8,quot	798
8,s	544
8,state	50
8,states	39
8,this	118
8,time	86
8,two	64
8,uk	64
8,united	67
8,university	51
8,used	38
8,war	42
8,world	52
8,www	183
8,years	118
9,0	3193
9,1	2658
9,10	1291
9,11	941
9,12	686
9,2	1881
9,2006	311
9,2007	454
9,2008	412
9,2009	550
9,2010	633
9,2011	612
9,26amp	44
9,3	1515
9,4	1324
9,5	1412
9,6	1277
9,7	1296
9,8	1582
9,american	186
9,apos	396
9,category	41
9,city	89
9,county	62
9,d	115
9,first	72
9,history	55
9,http	512
9,i	75
9,m	302
9,n	306
9,other	85
9,p	376
9,people	297
9,quot	740
9,s	427
9,state	48
9,states	52
9,this	97
9,time	62
9,two	56
9,uk	62
9,united	66
9,university	69
9,used	21
9,war	29
9,world	58
9,www	185
9,years	105
american,0	3681
american,1	891
american,10	192
american,11	193
american,12	209
american,2	482
american,2006	160
american,2007	171
american,2008	136
american,2009	134
american,2010	221
american,2011	127
american,26amp	84
american,3	332
american,4	294
american,5	291
american,6	211
american,7	186
american,8	185
american,9	186
american,apos	847
american,category	5566
american,city	103
american,county	30
american,d	737
american,first	396
american,history	480
american,http	189
american,i	40
american,m	46
american,n	41
american,other	128
american,p	85
american,people	664
american,quot	1188
american,s	812
american,state	86
american,states	346
american,this	89
american,time	73
american,two	81
american,uk	22
american,united	251
american,university	217
american,used	46
american,war	1009
american,world	122
american,www	79
american,years	45
apos,0	506
apos,1	1620
apos,10	624
apos,11	427
apos,12	478
apos,2	1386
apos,2006	736
apos,2007	776
apos,2008	845
apos,2009	813
apos,2010	919
apos,2011	846
apos,26amp	46
apos,3	994
apos,4	775
apos,5	814
apos,6	546
apos,7	452
apos,8	487
apos,9	396
apos,american	847
apos,category	791
apos,city	2113
apos,county	1289
apos,d	5465
apos,first	3199
apos,history	1640
apos,http	1169
apos,i	4352
apos,m	2146
apos,n	1664
apos,other	912
apos,p	1602
apos,people	2000
apos,quot	18088
apos,s	144085
apos,state	973
apos,states	579
apos,this	1503
apos,time	1277
apos,two	931
apos,uk	492
apos,united	594
apos,university	1363
apos,used	455
apos,war	1299
apos,world	3050
apos,www	394
apos,years	898
category,0	25
category,1	161
category,10	58
category,11	59
category,12	42
category,2	244
category,2006	84
category,2007	97
category,2008	73
category,2009	58
category,2010	343
category,2011	291
category,26amp	12
category,3	63
category,4	71
category,5	134
category,6	41
category,7	54
category,8	54
category,9	41
category,american	5566
category,apos	791
category,city	494
category,county	1814
category,d	263
category,first	95
category,history	1106
category,http	42
category,i	181
category,m	102
category,n	47
category,other	26
category,p	41
category,people	6441
category,quot	201
category,s	797
category,state	519
category,states	2100
category,this	105
category,time	64
category,two	21
category,uk	687
category,united	2230
category,university	1446
category,used	12
category,war	811
category,world	704
category,www	57
category,years	48
city,0	132
city,1	317
city,10	128
city,11	132
city,12	105
city,2	215
city,2006	85
city,2007	144
city,2008	148
city,2009	190
city,2010	367
city,2011	190
city,26amp	21
city,3	155
city,4	100
city,5	138
city,6	146
city,7	103
city,8	92
city,9	89
city,american	103
city,apos	2113
city,category	494
city,county	694
city,d	37
city,first	217
city,history	253
city,http	431
city,i	57
city,m	49
city,n	96
city,other	141
city,p	58
city,people	114
city,quot	1226
city,s	1967
city,state	281
city,states	201
city,this	230
city,time	84
city,two	136
city,uk	28
city,united	249
city,university	214
city,used	43
city,war	52
city,world	110
city,www	285
city,years	53
county,0	40
county,1	244
county,10	77
county,11	79
county,12	86
county,2	602
county,2006	43
county,2007	96
county,2008	79
county,2009	94
county,2010	187
county,2011	161
county,26amp	2
county,3	121
county,4	121
county,5	82
county,6	279
county,7	68
county,8	75
county,9	62
county,american	30
county,apos	1289
county,category	1814
county,city	694
county,d	45
county,first	96
county,history	516
county,http	249
county,i	39
county,m	28
county,n	51
county,other	66
county,p	29
county,people	287
county,quot	419
county,s	789
county,state	709
county,states	955
county,this	97
county,time	44
county,two	78
county,uk	243
county,united	962
county,university	53
county,used	23
county,war	38
county,world	18
county,www	156
county,years	30
d,0	163
d,1	416
d,10	110
d,11	91
d,12	103
d,2	446
d,2006	150
d,2007	188
d,2008	164
d,2009	131
d,2010	187
d,2011	139
d,26amp	23
d,3	324
d,4	208
d,5	124
d,6	138
d,7	93
d,8	105
d,9	115
d,american	737
d,apos	5465
d,category	263
d,city	37
d,county	45
d,first	92
d,history	52
d,http	193
d,i	604
d,m	829
d,n	732
d,other	40
d,p	543
d,people	33
d,quot	1205
d,s	1151
d,state	45
d,states	96
d,this	92
d,time	34
d,two	43
d,uk	55
d,united	138
d,university	129
d,used	22
d,war	57
d,world	40
d,www	97
d,years	23
first,0	79
first,1	290
first,10	111
first,11	77
first,12	81
first,2	208
first,2006	76
first,2007	121
first,2008	120
first,2009	109
first,2010	142
first,2011	169
first,26amp	9
first,3	162
first,4	108
first,5	96
first,6	100
first,7	73
first,8	65
first,9	72
first,american	396
first,apos	3199
first,category	95
first,city	217
first,county	96
first,d	92
first,history	290
first,http	138
first,i	183
first,m	76
first,n	91
first,other	96
first,p	122
first,people	83
first,quot	1793
first,s	3075
first,state	182
first,states	132
first,this	719
first,time	1661
first,two	769
first,uk	66
first,united	138
first,university	149
first,used	311
first,war	739
first,world	836
first,www	48
first,years	477
history,0	75
history,1	214
history,10	94
history,11	82
history,12	77
history,2	189
history,2006	116
history,2007	187
history,2008	225
history,2009	209
history,2010	359
history,2011	272
history,26amp	23
history,3	137
history,4	103
history,5	57
history,6	103
history,7	59
history,8	67
history,9	55
history,american	480
history,apos	1640
history,category	1106
history,city	253
history,county	516
history,d	52
history,first	290
history,http	624
history,i	79
history,m	56
history,n	51
history,other	58
history,p	203
history,people	108
history,quot	1166
history,s	1206
history,state	174
history,states	156
history,this	154
history,time	175
history,two	36
history,uk	265
history,united	305
history,university	283
history,used	24
history,war	174
history,world	264
history,www	595
history,years	119
http,0	312
http,1	1045
http,10	1061
http,11	976
http,12	881
http,2	924
http,2006	1294
http,2007	1833
http,2008	1986
http,2009	1920
http,2010	2948
http,2011	2617
http,26amp	62
http,3	846
http,4	683
http,5	734
http,6	608
http,7	598
http,8	485
http,9	512
http,american	189
http,apos	1169
http,category	42
http,city	431
http,county	249
http,d	193
http,first	138
http,history	624
http,i	127
http,m	165
http,n	127
http,other	205
http,p	358
http,people	310
http,quot	3439
http,s	1390
http,state	604
http,states	349
http,this	164
http,time	645
http,two	135
http,uk	643
http,united	302
http,university	429
http,used	44
http,war	179
http,world	454
http,www	52089
http,years	239
i,0	183
i,1	786
i,10	145
i,11	64
i,12	91
i,2	421
i,2006	56
i,2007	71
i,2008	63
i,2009	57
i,2010	72
i,2011	64
i,26amp	19
i,3	214
i,4	125
i,5	179
i,6	99
i,7	83
i,8	104
i,9	75
i,american	40
i,apos	4352
i,category	181
i,city	57
i,county	39
i,d	604
i,first	183
i,history	79
i,http	127
i,m	1469
i,n	985
i,other	125
i,p	434
i,people	103
i,quot	5201
i,s	1231
i,state	113
i,states	85
i,this	440
i,time	163
i,two	102
i,uk	165
i,united	63
i,university	64
i,used	98
i,war	1409
i,world	1394
i,www	63
i,years	90
m,0	678
m,1	1046
m,10	349
m,11	180
m,12	150
m,2	988
m,2006	118
m,2007	120
m,2008	102
m,2009	95
m,2010	121
m,2011	93
m,26amp	14
m,3	637
m,4	459
m,5	510
m,6	405
m,7	353
m,8	343
m,9	302
m,american	46
m,apos	2146
m,category	102
m,city	49
m,county	28
m,d	829
m,first	76
m,history	56
m,http	165
m,i	1469
m,n	1470
m,other	43
m,p	982
m,people	38
m,quot	1920
m,s	1508
m,state	18
m,states	43
m,this	85
m,time	73
m,two	65
m,uk	79
m,united	50
m,university	138
m,used	28
m,war	45
m,world	47
m,www	157
m,years	17
n,0	771
n,1	1625
n,10	406
n,11	308
n,12	298
n,2	1091
n,2006	65
n,2007	70
n,2008	72
n,2009	64
n,2010	91
n,2011	69
n,26amp	11
n,3	457
n,4	422
n,5	319
n,6	296
n,7	278
n,8	311
n,9	306
n,american	41
n,apos	1664
n,category	47
n,city	96
n,county	51
n,d	732
n,first	91
n,history	51
n,http	127
n,i	985
n,m	1470
n,other	54
n,p	790
n,people	26
n,quot	1314
n,s	1237
n,state	77
n,states	31
n,this	116
n,time	47
n,two	54
n,uk	366
n,united	18
n,university	80
n,used	35
n,war	247
n,world	41
n,www	64
n,years	34
other,0	1382
other,1	818
other,10	97
other,11	72
other,12	88
other,2	431
other,2006	36
other,2007	84
other,2008	125
other,2009	103
other,2010	129
other,2011	148
other,26amp	2
other,3	267
other,4	230
other,5	172
other,6	142
other,7	115
other,8	109
other,9	85
other,american	128
other,apos	912
other,category	26
other,city	141
other,county	66
other,d	40
other,first	96
other,history	58
other,http	205
other,i	125
other,m	43
other,n	54
other,p	106
other,people	354
other,quot	1332
other,s	1307
other,state	125
other,states	294
other,this	447
other,time	145
other,two	642
other,uk	40
other,united	75
other,university	85
other,used	274
other,war	98
other,world	121
other,www	111
other,years	54
p,0	526
p,1	1139
p,10	284
p,11	260
p,12	242
p,2	823
p,2006	455
p,2007	415
p,2008	375
p,2009	258
p,2010	251
p,2011	188
p,26amp	89
p,3	616
p,4	503
p,5	423
p,6	349
p,7	359
p,8	388
p,9	376
p,american	85
p,apos	1602
p,category	41
p,city	58
p,county	29
p,d	543
p,first	122
p,history	203
p,http	358
p,i	434
p,m	982
p,n	790
p,other	106
p,people	32
p,quot	2482
p,s	1219
p,state	66
p,states	70
p,this	373
p,time	76
p,two	93
p,uk	63
p,united	37
p,university	387
p,used	34
p,war	133
p,world	92
p,www	150
p,years	88
people,0	345
people,1	1148
people,10	193
people,11	138
people,12	121
people,2	741
people,2006	51
people,2007	63
people,2008	72
people,2009	80
people,2010	86
people,2011	81
people,26amp	4
people,3	523
people,4	442
people,5	446
people,6	399
people,7	367
people,8	354
people,9	297
people,american	664
people,apos	2000
people,category	6441
people,city	114
people,county	287
people,d	33
people,first	83
people,history	108
people,http	310
people,i	103
people,m	38
people,n	26
people,other	354
people,p	32
people,quot	1050
people,s	1872
people,state	57
people,states	101
people,this	219
people,time	91
people,two	153
people,uk	90
people,united	135
people,university	124
people,used	74
people,war	107
people,world	110
people,www	386
people,years	72
quot,0	805
quot,1	2313
quot,10	885
quot,11	595
quot,12	792
quot,2	2568
quot,2006	811
quot,2007	948
quot,2008	966
quot,2009	915
quot,2010	978
quot,2011	1165
quot,26amp	23
quot,3	1783
quot,4	1369
quot,5	1213
quot,6	873
quot,7	918
quot,8	798
quot,9	740
quot,american	1188
quot,apos	18088
quot,category	201
quot,city	1226
quot,county	419
quot,d	1205
quot,first	1793
quot,history	1166
quot,http	3439
quot,i	5201
quot,m	1920
quot,n	1314
quot,other	1332
quot,p	2482
quot,people	1050
quot,s	11690
quot,state	840
quot,states	945
quot,this	3415
quot,time	1743
quot,two	1294
quot,uk	371
quot,united	792
quot,university	514
quot,used	1228
quot,war	923
quot,world	1728
quot,www	2170
quot,years	670
s,0	529
s,1	1345
s,10	633
s,11	326
s,12	397
s,2	1139
s,2006	476
s,2007	503
s,2008	580
s,2009	516
s,2010	736
s,2011	581
s,26amp	84
s,3	780
s,4	634
s,5	1004
s,6	438
s,7	371
s,8	544
s,9	427
s,american	812
s,apos	144085
s,category	797
s,city	1967
s,county	789
s,d	1151
s,first	3075
s,history	1206
s,http	1390
s,i	1231
s,m	1508
s,n	1237
s,other	1307
s,p	1219
s,people	1872
s,quot	11690
s,state	1758
s,states	439
s,this	1294
s,time	771
s,two	1044
s,uk	430
s,united	444
s,university	971
s,used	622
s,war	841
s,world	2978
s,www	600
s,years	351
state,0	75
state,1	150
state,10	69
state,11	41
state,12	90
state,2	116
state,2006	77
state,2007	95
state,2008	90
state,2009	111
state,2010	172
state,2011	138
state,26amp	7
state,3	79
state,4	70
state,5	66
state,6	70
state,7	67
state,8	50
state,9	48
state,american	86
state,apos	973
state,category	519
state,city	281
state,county	709
state,d	45
state,first	182
state,history	174
state,http	604
state,i	113
state,m	18
state,n	77
state,other	125
state,p	66
state,people	57
state,quot	840
state,s	1758
state,states	470
state,this	232
state,time	58
state,two	104
state,uk	14
state,united	445
state,university	1579
state,used	28
state,war	110
state,world	30
state,www	432
state,years	40
states,0	49
states,1	141
states,10	89
states,11	90
states,12	78
states,2	215
states,2006	81
states,2007	122
states,2008	111
states,2009	77
states,2010	379
states,2011	217
states,3	119
states,4	77
states,5	95
states,6	134
states,7	55
states,8	39
states,9	52
states,american	346
states,apos	579
states,category	2100
states,city	201
states,county	955
states,d	96
states,first	132
states,history	156
states,http	349
states,i	85
states,m	43
states,n	31
states,other	294
states,p	70
states,people	101
states,quot	945
states,s	439
states,state	470
states,this	176
states,time	55
states,two	140
states,uk	17
states,united	21794
states,university	89
states,used	31
states,war	188
states,world	141
states,www	205
states,years	50
this,0	136
this,1	363
this,10	171
this,11	130
this,12	111
this,2	328
this,2006	149
this,2007	202
this,2008	221
this,2009	239
this,2010	306
this,2011	308
this,26amp	11
this,3	258
this,4	197
this,5	157
this,6	142
this,7	109
this,8	118
this,9	97
this,american	89
this,apos	1503
this,category	105
this,city	230
this,county	97
this,d	92
this,first	719
this,history	154
this,http	164
this,i	440
this,m	85
this,n	116
this,other	447
this,p	373
this,people	219
this,quot	3415
this,s	1294
this,state	232
this,states	176
this,time	2276
this,two	269
this,uk	73
this,united	106
this,university	85
this,used	574
this,war	222
this,world	273
this,www	100
this,years	235
time,0	322
time,1	237
time,10	126
time,11	80
time,12	82
time,2	171
time,2006	106
time,2007	112
time,2008	109
time,2009	108
time,2010	111
time,2011	124
time,26amp	3
time,3	128
time,4	127
time,5	78
time,6	69
time,7	66
time,8	86
time,9	62
time,american	73
time,apos	1277
time,category	64
time,city	84
time,county	44
time,d	34
time,first	1661
time,history	175
time,http	645
time,i	163
time,m	73
time,n	47
time,other	145
time,p	76
time,people	91
time,quot	1743
time,s	771
time,state	58
time,states	55
time,this	2276
time,two	226
time,uk	28
time,united	46
time,university	49
time,used	96
time,war	118
time,world	231
time,www	831
time,years	193
two,0	635
two,1	670
two,10	91
two,11	64
two,12	102
two,2	425
two,2006	53
two,2007	83
two,2008	85
two,2009	64
two,2010	97
two,2011	98
two,26amp	2
two,3	259
two,4	171
two,5	153
two,6	98
two,7	93
two,8	64
two,9	56
two,american	81
two,apos	931
two,category	21
two,city	136
two,county	78
two,d	43
two,first	769
two,history	36
two,http	135
two,i	102
two,m	65
two,n	54
two,other	642
two,p	93
two,people	153
two,quot	1294
two,s	1044
two,state	104
two,states	140
two,this	269
two,time	226
two,uk	37
two,united	48
two,university	49
two,used	145
two,war	142
two,world	163
two,www	52
two,years	1452
uk,0	538
uk,1	959
uk,10	142
uk,11	127
uk,12	128
uk,2	564
uk,2006	167
uk,2007	288
uk,2008	324
uk,2009	362
uk,2010	522
uk,2011	434
uk,26amp	16
uk,3	90
uk,4	95
uk,5	84
uk,6	84
uk,7	59
uk,8	64
uk,9	62
uk,american	22
uk,apos	492
uk,category	687
uk,city	28
uk,county	243
uk,d	55
uk,first	66
uk,history	265
uk,http	643
uk,i	165
uk,m	79
uk,n	366
uk,other	40
uk,p	63
uk,people	90
uk,quot	371
uk,s	430
uk,state	14
uk,states	17
uk,this	73
uk,time	28
uk,two	37
uk,united	66
uk,university	145
uk,used	27
uk,war	138
uk,world	329
uk,www	6218
uk,years	24
united,0	139
united,1	268
united,10	97
united,11	101
united,12	61
united,2	276
united,2006	106
united,2007	128
united,2008	153
united,2009	148
united,2010	443
united,2011	302
united,26amp	9
united,3	148
united,4	109
united,5	108
united,6	161
united,7	63
united,8	67
united,9	66
united,american	251
united,apos	594
united,category	2230
united,city	249
united,county	962
united,d	138
united,first	138
united,history	305
united,http	302
united,i	63
united,m	50
united,n	18
united,other	75
united,p	37
united,people	135
united,quot	792
united,s	444
united,state	445
united,states	21794
united,this	106
united,time	46
united,two	48
united,uk	66
united,university	160
united,used	63
united,war	176
united,world	153
united,www	159
united,years	36
university,0	1091
university,1	177
university,10	123
university,11	71
university,12	81
university,2	141
university,2006	304
university,2007	332
university,2008	297
university,2009	278
university,2010	306
university,2011	363
university,26amp	39
university,3	102
university,4	82
university,5	57
university,6	49
university,7	55
university,8	51
university,9	69
university,american	217
university,apos	1363
university,category	1446
university,city	214
university,county	53
university,d	129
university,first	149
university,history	283
university,http	429
university,i	64
university,m	138
university,n	80
university,other	85
university,p	387
university,people	124
university,quot	514
university,s	971
university,state	1579
university,states	89
university,this	85
university,time	49
university,two	49
university,uk	145
university,united	160
university,used	23
university,war	81
university,world	251
university,www	216
university,years	45
used,0	38
used,1	69
used,10	36
used,11	10
used,12	18
used,2	65
used,2006	17
used,2007	24
used,2008	28
used,2009	21
used,2010	32
used,2011	33
used,3	48
used,4	37
used,5	50
used,6	28
used,7	20
used,8	38
used,9	21
used,american	46
used,apos	455
used,category	12
used,city	43
used,county	23
used,d	22
used,first	311
used,history	24
used,http	44
used,i	98
used,m	28
used,n	35
used,other	274
used,p	34
used,people	74
used,quot	1228
used,s	622
used,state	28
used,states	31
used,this	574
used,time	96
used,two	145
used,uk	27
used,united	63
used,university	23
used,war	81
used,world	86
used,www	20
used,years	55
war,0	30
war,1	91
war,10	45
war,11	39
war,12	39
war,2	99
war,2006	40
war,2007	47
war,2008	63
war,2009	47
war,2010	49
war,2011	67
war,3	62
war,4	42
war,5	37
war,6	39
war,7	27
war,8	42
war,9	29
war,american	1009
war,apos	1299
war,category	811
war,city	52
war,county	38
war,d	57
war,first	739
war,history	174
war,http	179
war,i	1409
war,m	45
war,n	247
war,other	98
war,p	133
war,people	107
war,quot	923
war,s	841
war,state	110
war,states	188
war,this	222
war,time	118
war,two	142
war,uk	138
war,united	176
war,university	81
war,used	81
war,world	5505
war,www	96
war,years	487
world,0	94
world,1	419
world,10	117
world,11	102
world,12	77
world,2	230
world,2006	216
world,2007	203
world,2008	227
world,2009	226
world,2010	334
world,2011	248
world,26amp	13
world,3	118
world,4	83
world,5	75
world,6	53
world,7	51
world,8	52
world,9	58
world,american	122
world,apos	3050
world,category	704
world,city	110
world,county	18
world,d	40
world,first	836
world,history	264
world,http	454
world,i	1394
world,m	47
world,n	41
world,other	121
world,p	92
world,people	110
world,quot	1728
world,s	2978
world,state	30
world,states	141
world,this	273
world,time	231
world,two	163
world,uk	329
world,united	153
world,university	251
world,used	86
world,war	5505
world,www	259
world,years	84
www,0	123
www,1	387
www,10	468
www,11	484
www,12	369
www,2	298
www,2006	676
www,2007	843
www,2008	882
www,2009	1058
www,2010	1527
www,2011	1452
www,26amp	5
www,3	346
www,4	222
www,5	363
www,6	230
www,7	181
www,8	183
www,9	185
www,american	79
www,apos	394
www,category	57
www,city	285
www,county	156
www,d	97
www,first	48
www,history	595
www,http	52089
www,i	63
www,m	157
www,n	64
www,other	111
www,p	150
www,people	386
www,quot	2170
www,s	600
www,state	432
www,states	205
www,this	100
www,time	831
www,two	52
www,uk	6218
www,united	159
www,university	216
www,used	20
www,war	96
www,world	259
www,years	132
years,0	97
years,1	241
years,10	417
years,11	100
years,12	179
years,2	296
years,2006	46
years,2007	69
years,2008	72
years,2009	81
years,2010	95
years,2011	96
years,3	305
years,4	210
years,5	301
years,6	183
years,7	129
years,8	118
years,9	105
years,american	45
years,apos	898
years,category	48
years,city	53
years,county	30
years,d	23
years,first	477
years,history	119
years,http	239
years,i	90
years,m	17
years,n	34
years,other	54
years,p	88
years,people	72
years,quot	670
years,s	351
years,state	40
years,states	50
years,this	235
years,time	193
years,two	1452
years,uk	24
years,united	36
years,university	45
years,used	55
years,war	487
years,world	84
years,www	132
