0,1	13562
0,2	8546
0,2008	405
0,2009	375
0,2010	1004
0,2011	368
0,3	6419
0,4	5421
0,7	3933
0,8	3978
0,9	3735
0,age	618
0,apos	823
0,b	291
0,c	496
0,category	92
0,city	206
0,county	84
0,federal	18
0,first	166
0,games	20
0,grey	18
0,gt	529
0,history	159
0,http	960
0,i	270
0,japan	34
0,lt	499
0,mathml	10
0,nintendo	2
0,owl	3
0,p	1110
0,party	157
0,people	499
0,population	753
0,quot	1317
0,s	827
0,son	10
0,state	113
0,states	114
0,t	298
0,this	268
0,time	402
0,two	771
0,united	212
0,used	52
0,www	323
0,years	209
1,0	13562
1,2	12963
1,2008	1134
1,2009	1077
1,2010	1790
1,2011	1365
1,3	7639
1,4	5953
1,7	3772
1,8	3540
1,9	3319
1,age	693
1,apos	2444
1,b	564
1,c	804
1,category	224
1,city	472
1,county	356
1,federal	52
1,first	467
1,games	85
1,grey	12
1,gt	784
1,history	341
1,http	1491
1,i	1039
1,japan	94
1,lt	835
1,mathml	5
1,nintendo	25
1,p	1459
1,party	169
1,people	1327
1,population	1710
1,quot	3142
1,s	1984
1,son	35
1,state	232
1,states	372
1,t	542
1,this	548
1,time	335
1,two	864
1,united	924
1,used	123
1,www	697
1,years	447
2,0	8546
2,1	12963
2,2008	856
2,2009	881
2,2010	1374
2,2011	1136
2,3	8060
2,4	5365
2,7	2866
2,8	2862
2,9	2397
2,age	687
2,apos	2153
2,b	650
2,c	828
2,category	298
2,city	549
2,county	941
2,federal	35
2,first	312
2,games	130
2,grey	52
2,gt	701
2,guangdong	2
2,history	297
2,http	1165
2,i	541
2,japan	66
2,lt	690
2,mathml	10
2,nintendo	18
2,p	1001
2,party	133
2,people	831
2,population	1072
2,quot	3349
2,s	1693
2,son	10
2,state	175
2,states	368
2,t	437
2,this	472
2,time	243
2,two	581
2,united	401
2,used	117
2,www	602
2,years	482
2008,0	405
2008,1	1134
2008,2	856
2008,2009	1094
2008,2010	1071
2008,2011	635
2008,3	702
2008,4	652
2008,7	551
2008,8	584
2008,9	489
2008,age	38
2008,apos	1385
2008,b	138
2008,c	134
2008,category	101
2008,city	223
2008,county	117
2008,federal	46
2008,first	231
2008,games	69
2008,grey	14
2008,gt	42
2008,guangdong	1
2008,history	299
2008,http	2559
2008,i	112
2008,japan	45
2008,lt	55
2008,nintendo	17
2008,p	424
2008,party	97
2008,people	110
2008,population	87
2008,quot	1293
2008,s	944
2008,son	18
2008,state	149
2008,states	171
2008,t	101
2008,this	283
2008,time	158
2008,two	126
2008,united	219
2008,used	44
2008,www	1605
2008,years	100
2009,0	375
2009,1	1077
2009,2	881
2009,2008	1094
2009,2010	1671
2009,2011	845
2009,3	819
2009,4	612
2009,7	506
2009,8	466
2009,9	612
2009,age	46
2009,apos	1285
2009,b	124
2009,c	110
2009,category	76
2009,city	249
2009,county	138
2009,federal	49
2009,first	202
2009,games	50
2009,grey	6
2009,gt	69
2009,guangdong	2
2009,history	275
2009,http	2565
2009,i	98
2009,japan	44
2009,lt	93
2009,nintendo	25
2009,owl	1
2009,p	296
2009,party	83
2009,people	113
2009,population	115
2009,quot	1263
2009,s	842
2009,son	10
2009,state	166
2009,states	147
2009,t	56
2009,this	315
2009,time	156
2009,two	105
2009,united	197
2009,used	36
2009,www	1811
2009,years	105
2010,0	1004
2010,1	1790
2010,2	1374
2010,2008	1071
2010,2009	1671
2010,2011	1690
2010,3	1160
2010,4	914
2010,7	843
2010,8	844
2010,9	780
2010,age	76
2010,apos	1466
2010,b	143
2010,c	144
2010,category	436
2010,city	496
2010,county	274
2010,federal	47
2010,first	259
2010,games	69
2010,grey	12
2010,gt	83
2010,guangdong	1
2010,history	464
2010,http	3722
2010,i	95
2010,japan	53
2010,lt	101
2010,mathml	1
2010,nintendo	31
2010,owl	1
2010,p	308
2010,party	140
2010,people	138
2010,population	715
2010,quot	1348
2010,s	1170
2010,son	14
2010,state	266
2010,states	602
2010,t	57
2010,this	378
2010,time	182
2010,two	153
2010,united	591
2010,used	57
2010,www	2581
2010,years	129
2011,0	368
2011,1	1365
2011,2	1136
2011,2008	635
2011,2009	845
2011,2010	1690
2011,3	902
2011,4	835
2011,7	892
2011,8	748
2011,9	710
2011,age	45
2011,apos	1448
2011,b	124
2011,c	129
2011,category	383
2011,city	294
2011,county	264
2011,federal	43
2011,first	277
2011,games	57
2011,grey	7
2011,gt	51
2011,guangdong	2
2011,history	352
2011,http	3318
2011,i	96
2011,japan	89
2011,lt	63
2011,nintendo	24
2011,owl	2
2011,p	224
2011,party	116
2011,people	130
2011,population	163
2011,quot	1570
2011,s	1042
2011,son	18
2011,state	193
2011,states	288
2011,t	109
2011,this	371
2011,time	180
2011,two	153
2011,united	380
2011,used	58
2011,www	2277
2011,years	135
3,0	6419
3,1	7639
3,2	8060
3,2008	702
3,2009	819
3,2010	1160
3,2011	902
3,4	5695
3,7	2558
3,8	2322
3,9	1984
3,age	823
3,apos	1491
3,b	346
3,c	488
3,category	100
3,city	646
3,county	329
3,federal	23
3,first	260
3,games	92
3,grey	6
3,gt	370
3,guangdong	1
3,history	222
3,http	1059
3,i	285
3,japan	44
3,lt	350
3,mathml	9
3,nintendo	6
3,p	742
3,party	99
3,people	577
3,population	793
3,quot	2371
3,s	1161
3,son	12
3,state	124
3,states	238
3,t	178
3,this	350
3,time	185
3,two	337
3,united	245
3,used	81
3,www	540
3,years	491
4,0	5421
4,1	5953
4,2	5365
4,2008	652
4,2009	612
4,2010	914
4,2011	835
4,3	5695
4,7	2182
4,8	2151
4,9	1778
4,age	868
4,apos	1177
4,b	230
4,c	375
4,category	96
4,city	171
4,county	192
4,federal	25
4,first	195
4,games	63
4,grey	71
4,gt	189
4,guangdong	1
4,history	160
4,http	833
4,i	170
4,japan	45
4,lt	207
4,nintendo	3
4,owl	2
4,p	564
4,party	93
4,people	481
4,population	692
4,quot	1879
4,s	887
4,son	16
4,state	103
4,states	177
4,t	168
4,this	263
4,time	184
4,two	245
4,united	183
4,used	59
4,www	414
4,years	382
7,0	3933
7,1	3772
7,2	2866
7,2008	551
7,2009	506
7,2010	843
7,2011	892
7,3	2558
7,4	2182
7,8	2500
7,9	1717
7,age	981
7,apos	681
7,b	127
7,c	201
7,category	72
7,city	170
7,county	131
7,federal	15
7,first	132
7,games	24
7,grey	3
7,gt	97
7,history	93
7,http	697
7,i	130
7,japan	26
7,lt	122
7,mathml	1
7,nintendo	6
7,owl	1
7,p	411
7,party	45
7,people	400
7,population	519
7,quot	1271
7,s	608
7,son	12
7,state	103
7,states	110
7,t	55
7,this	155
7,time	93
7,two	134
7,united	118
7,used	38
7,www	345
7,years	277
8,0	3978
8,1	3540
8,2	2862
8,2008	584
8,2009	466
8,2010	844
8,2011	748
8,3	2322
8,4	2151
8,7	2500
8,9	2046
8,age	1046
8,apos	758
8,b	122
8,c	197
8,category	79
8,city	158
8,county	128
8,federal	29
8,first	107
8,games	29
8,grey	1
8,gt	99
8,guangdong	4
8,history	87
8,http	596
8,i	128
8,japan	25
8,lt	111
8,nintendo	16
8,p	439
8,party	56
8,people	387
8,population	529
8,quot	1159
8,s	796
8,son	10
8,state	76
8,states	83
8,t	81
8,this	158
8,time	118
8,two	105
8,united	103
8,used	58
8,www	302
8,years	265
9,0	3735
9,1	3319
9,2	2397
9,2008	489
9,2009	612
9,2010	780
9,2011	710
9,3	1984
9,4	1778
9,7	1717
9,8	2046
9,age	897
9,apos	660
9,b	134
9,c	171
9,category	63
9,city	126
9,county	115
9,federal	14
9,first	125
9,games	19
9,grey	5
9,gt	83
9,history	99
9,http	602
9,i	107
9,japan	40
9,lt	104
9,mathml	8
9,nintendo	6
9,p	425
9,party	58
9,people	329
9,population	448
9,quot	1003
9,s	659
9,son	8
9,state	88
9,states	105
9,t	94
9,this	120
9,time	98
9,two	88
9,united	112
9,used	35
9,www	320
9,years	252
age,0	618
age,1	693
age,2	687
age,2008	38
age,2009	46
age,2010	76
age,2011	45
age,3	823
age,4	868
age,7	981
age,8	1046
age,9	897
age,apos	314
age,b	11
age,c	23
age,category	85
age,city	51
age,county	35
age,first	104
age,games	10
age,grey	1
age,gt	16
age,history	108
age,http	114
age,i	31
age,japan	12
age,lt	15
age,nintendo	2
age,p	71
age,party	3
age,people	97
age,population	110
age,quot	436
age,s	259
age,son	16
age,state	9
age,states	21
age,t	17
age,this	126
age,time	47
age,two	45
age,united	12
age,used	19
age,www	67
age,years	4729
apos,0	823
apos,1	2444
apos,2	2153
apos,2008	1385
apos,2009	1285
apos,2010	1466
apos,2011	1448
apos,3	1491
apos,4	1177
apos,7	681
apos,8	758
apos,9	660
apos,age	314
apos,b	1709
apos,c	1932
apos,category	1212
apos,city	2540
apos,county	2016
apos,federal	193
apos,first	3939
apos,games	402
apos,grey	114
apos,gt	646
apos,guangdong	20
apos,history	2229
apos,http	1866
apos,i	5154
apos,japan	473
apos,lt	730
apos,nintendo	112
apos,owl	44
apos,p	2300
apos,party	1560
apos,people	2271
apos,population	838
apos,quot	24978
apos,s	149240
apos,son	1194
apos,state	1238
apos,states	778
apos,t	6292
apos,this	2640
apos,time	1776
apos,two	1434
apos,united	859
apos,used	820
apos,www	879
apos,years	1287
b,0	291
b,1	564
b,2	650
b,2008	138
b,2009	124
b,2010	143
b,2011	124
b,3	346
b,4	230
b,7	127
b,8	122
b,9	134
b,age	11
b,apos	1709
b,c	1623
b,category	85
b,city	31
b,county	22
b,federal	9
b,first	96
b,games	8
b,grey	5
b,gt	320
b,guangdong	1
b,history	118
b,http	157
b,i	567
b,japan	24
b,lt	320
b,mathml	2
b,nintendo	2
b,owl	1
b,p	551
b,party	22
b,people	29
b,population	13
b,quot	1426
b,s	1051
b,son	33
b,state	61
b,states	55
b,t	488
b,this	134
b,time	36
b,two	79
b,united	61
b,used	47
b,www	86
b,years	53
c,0	496
c,1	804
c,2	828
c,2008	134
c,2009	110
c,2010	144
c,2011	129
c,3	488
c,4	375
c,7	201
c,8	197
c,9	171
c,age	23
c,apos	1932
c,b	1623
c,category	400
c,city	186
c,county	45
c,federal	12
c,first	111
c,games	11
c,grey	4
c,gt	148
c,history	124
c,http	290
c,i	467
c,japan	16
c,lt	194
c,nintendo	4
c,p	660
c,party	19
c,people	55
c,population	10
c,quot	1349
c,s	1525
c,son	93
c,state	54
c,states	92
c,t	628
c,this	163
c,time	44
c,two	86
c,united	210
c,used	65
c,www	172
c,years	52
category,0	92
category,1	224
category,2	298
category,2008	101
category,2009	76
category,2010	436
category,2011	383
category,3	100
category,4	96
category,7	72
category,8	79
category,9	63
category,age	85
category,apos	1212
category,b	85
category,c	400
category,city	616
category,county	2649
category,federal	111
category,first	135
category,games	1122
category,grey	13
category,gt	21
category,guangdong	5
category,history	1360
category,http	88
category,i	223
category,japan	328
category,lt	15
category,nintendo	73
category,owl	3
category,p	69
category,party	642
category,people	8980
category,population	8
category,quot	276
category,s	1162
category,son	7
category,state	701
category,states	2685
category,t	51
category,this	143
category,time	89
category,two	26
category,united	2970
category,used	15
category,www	81
category,years	52
city,0	206
city,1	472
city,2	549
city,2008	223
city,2009	249
city,2010	496
city,2011	294
city,3	646
city,4	171
city,7	170
city,8	158
city,9	126
city,age	51
city,apos	2540
city,b	31
city,c	186
city,category	616
city,county	985
city,federal	60
city,first	309
city,games	33
city,grey	4
city,gt	52
city,guangdong	2
city,history	370
city,http	579
city,i	97
city,japan	62
city,lt	36
city,nintendo	5
city,owl	1
city,p	87
city,party	27
city,people	187
city,population	1434
city,quot	1523
city,s	2408
city,son	19
city,state	373
city,states	803
city,t	48
city,this	303
city,time	129
city,two	205
city,united	326
city,used	56
city,www	401
city,years	84
county,0	84
county,1	356
county,2	941
county,2008	117
county,2009	138
county,2010	274
county,2011	264
county,3	329
county,4	192
county,7	131
county,8	128
county,9	115
county,age	35
county,apos	2016
county,b	22
county,c	45
county,category	2649
county,city	985
county,federal	61
county,first	136
county,games	5
county,grey	8
county,gt	26
county,guangdong	3
county,history	602
county,http	300
county,i	55
county,japan	2
county,lt	32
county,p	44
county,party	48
county,people	333
county,population	755
county,quot	547
county,s	1168
county,son	6
county,state	863
county,states	1324
county,t	17
county,this	127
county,time	61
county,two	141
county,united	1253
county,used	32
county,www	261
county,years	48
federal,0	18
federal,1	52
federal,2	35
federal,2008	46
federal,2009	49
federal,2010	47
federal,2011	43
federal,3	23
federal,4	25
federal,7	15
federal,8	29
federal,9	14
federal,apos	193
federal,b	9
federal,c	12
federal,category	111
federal,city	60
federal,county	61
federal,first	35
federal,games	3
federal,gt	6
federal,history	19
federal,http	51
federal,i	10
federal,japan	2
federal,lt	5
federal,p	18
federal,party	42
federal,people	21
federal,population	11
federal,quot	170
federal,s	257
federal,son	1
federal,state	271
federal,states	193
federal,t	6
federal,this	33
federal,time	16
federal,two	38
federal,united	170
federal,used	19
federal,www	40
federal,years	20
first,0	166
first,1	467
first,2	312
first,2008	231
first,2009	202
first,2010	259
first,2011	277
first,3	260
first,4	195
first,7	132
first,8	107
first,9	125
first,age	104
first,apos	3939
first,b	96
first,c	111
first,category	135
first,city	309
first,county	136
first,federal	35
first,games	145
first,grey	18
first,gt	42
first,guangdong	3
first,history	511
first,http	217
first,i	253
first,japan	101
first,lt	48
first,nintendo	8
first,owl	4
first,p	203
first,party	187
first,people	114
first,population	30
first,quot	2474
first,s	3581
first,son	97
first,state	244
first,states	192
first,t	69
first,this	1045
first,time	1755
first,two	962
first,united	349
first,used	360
first,www	106
first,years	631
games,0	20
games,1	85
games,2	130
games,2008	69
games,2009	50
games,2010	69
games,2011	57
games,3	92
games,4	63
games,7	24
games,8	29
games,9	19
games,age	10
games,apos	402
games,b	8
games,c	11
games,category	1122
games,city	33
games,county	5
games,federal	3
games,first	145
games,grey	4
games,gt	14
games,history	30
games,http	170
games,i	19
games,japan	22
games,lt	8
games,nintendo	87
games,p	16
games,party	13
games,people	13
games,quot	267
games,s	279
games,state	8
games,states	20
games,t	6
games,this	45
games,time	135
games,two	163
games,united	39
games,used	34
games,www	111
games,years	17
grey,0	18
grey,1	12
grey,2	52
grey,2008	14
grey,2009	6
grey,2010	12
grey,2011	7
grey,3	6
grey,4	71
grey,7	3
grey,8	1
grey,9	5
grey,age	1
grey,apos	114
grey,b	5
grey,c	4
grey,category	13
grey,city	4
grey,county	8
grey,first	18
grey,games	4
grey,gt	8
grey,history	3
grey,http	11
grey,i	3
grey,japan	1
grey,lt	7
grey,owl	147
grey,p	7
grey,party	1
grey,people	9
grey,quot	102
grey,s	112
grey,son	3
grey,state	2
grey,states	2
grey,t	1
grey,this	16
grey,time	2
grey,two	5
grey,united	2
grey,used	2
grey,www	4
grey,years	5
gt,0	529
gt,1	784
gt,2	701
gt,2008	42
gt,2009	69
gt,2010	83
gt,2011	51
gt,3	370
gt,4	189
gt,7	97
gt,8	99
gt,9	83
gt,age	16
gt,apos	646
gt,b	320
gt,c	148
gt,category	21
gt,city	52
gt,county	26
gt,federal	6
gt,first	42
gt,games	14
gt,grey	8
gt,history	45
gt,http	102
gt,i	159
gt,japan	17
gt,lt	21091
gt,mathml	6
gt,nintendo	1
gt,p	175
gt,party	54
gt,people	10
gt,population	39
gt,quot	5358
gt,s	381
gt,son	5
gt,state	26
gt,states	257
gt,t	102
gt,this	79
gt,time	19
gt,two	16
gt,united	276
gt,used	13
gt,www	74
gt,years	12
guangdong,2	2
guangdong,2008	1
guangdong,2009	2
guangdong,2010	1
guangdong,2011	2
guangdong,3	1
guangdong,4	1
guangdong,8	4
guangdong,apos	20
guangdong,b	1
guangdong,category	5
guangdong,city	2
guangdong,county	3
guangdong,first	3
guangdong,history	1
guangdong,lt	1
guangdong,party	2
guangdong,people	7
guangdong,quot	12
guangdong,s	21
guangdong,t	1
guangdong,this	1
guangdong,time	1
history,0	159
history,1	341
history,2	297
history,2008	299
history,2009	275
history,2010	464
history,2011	352
history,3	222
history,4	160
history,7	93
history,8	87
history,9	99
history,age	108
history,apos	2229
history,b	118
history,c	124
history,category	1360
history,city	370
history,county	602
history,federal	19
history,first	511
history,games	30
history,grey	3
history,gt	45
history,guangdong	1
history,http	993
history,i	134
history,japan	51
history,lt	23
history,mathml	1
history,nintendo	16
history,owl	2
history,p	292
history,party	59
history,people	195
history,population	93
history,quot	1638
history,s	1554
history,son	5
history,state	242
history,states	316
history,t	53
history,this	219
history,time	215
history,two	76
history,united	356
history,used	42
history,www	938
history,years	171
http,0	960
http,1	1491
http,2	1165
http,2008	2559
http,2009	2565
http,2010	3722
http,2011	3318
http,3	1059
http,4	833
http,7	697
http,8	596
http,9	602
http,age	114
http,apos	1866
http,b	157
http,c	290
http,category	88
http,city	579
http,county	300
http,federal	51
http,first	217
http,games	170
http,grey	11
http,gt	102
http,history	993
http,i	170
http,japan	114
http,lt	180
http,mathml	2
http,nintendo	63
http,p	510
http,party	129
http,people	576
http,population	312
http,quot	4058
http,s	2077
http,son	28
http,state	725
http,states	431
http,t	126
http,this	234
http,time	1059
http,two	178
http,united	436
http,used	83
http,www	52209
http,years	288
i,0	270
i,1	1039
i,2	541
i,2008	112
i,2009	98
i,2010	95
i,2011	96
i,3	285
i,4	170
i,7	130
i,8	128
i,9	107
i,age	31
i,apos	5154
i,b	567
i,c	467
i,category	223
i,city	97
i,county	55
i,federal	10
i,first	253
i,games	19
i,grey	3
i,gt	159
i,history	134
i,http	170
i,japan	12
i,lt	237
i,owl	3
i,p	550
i,party	35
i,people	158
i,population	63
i,quot	6464
i,s	1730
i,son	144
i,state	153
i,states	139
i,t	1656
i,this	597
i,time	236
i,two	161
i,united	100
i,used	144
i,www	110
i,years	135
japan,0	34
japan,1	94
japan,2	66
japan,2008	45
japan,2009	44
japan,2010	53
japan,2011	89
japan,3	44
japan,4	45
japan,7	26
japan,8	25
japan,9	40
japan,age	12
japan,apos	473
japan,b	24
japan,c	16
japan,category	328
japan,city	62
japan,county	2
japan,federal	2
japan,first	101
japan,games	22
japan,grey	1
japan,gt	17
japan,history	51
japan,http	114
japan,i	12
japan,lt	12
japan,nintendo	18
japan,p	44
japan,party	17
japan,people	49
japan,population	8
japan,quot	247
japan,s	411
japan,son	3
japan,state	11
japan,states	94
japan,t	13
japan,this	32
japan,time	31
japan,two	25
japan,united	120
japan,used	26
japan,www	70
japan,years	18
lt,0	499
lt,1	835
lt,2	690
lt,2008	55
lt,2009	93
lt,2010	101
lt,2011	63
lt,3	350
lt,4	207
lt,7	122
lt,8	111
lt,9	104
lt,age	15
lt,apos	730
lt,b	320
lt,c	194
lt,category	15
lt,city	36
lt,county	32
lt,federal	5
lt,first	48
lt,games	8
lt,grey	7
lt,gt	21091
lt,guangdong	1
lt,history	23
lt,http	180
lt,i	237
lt,japan	12
lt,mathml	6
lt,nintendo	3
lt,p	213
lt,party	37
lt,people	7
lt,population	26
lt,quot	3701
lt,s	514
lt,son	11
lt,state	24
lt,states	204
lt,t	225
lt,this	63
lt,time	35
lt,two	13
lt,united	84
lt,used	5
lt,www	123
lt,years	17
mathml,0	10
mathml,1	5
mathml,2	10
mathml,2010	1
mathml,3	9
mathml,7	1
mathml,9	8
mathml,b	2
mathml,gt	6
mathml,history	1
mathml,http	2
mathml,lt	6
mathml,people	1
mathml,quot	6
mathml,this	2
mathml,used	1
mathml,www	1
nintendo,0	2
nintendo,1	25
nintendo,2	18
nintendo,2008	17
nintendo,2009	25
nintendo,2010	31
nintendo,2011	24
nintendo,3	6
nintendo,4	3
nintendo,7	6
nintendo,8	16
nintendo,9	6
nintendo,age	2
nintendo,apos	112
nintendo,b	2
nintendo,c	4
nintendo,category	73
nintendo,city	5
nintendo,first	8
nintendo,games	87
nintendo,gt	1
nintendo,history	16
nintendo,http	63
nintendo,japan	18
nintendo,lt	3
nintendo,p	6
nintendo,party	9
nintendo,people	2
nintendo,quot	52
nintendo,s	93
nintendo,states	2
nintendo,t	1
nintendo,this	7
nintendo,time	6
nintendo,two	10
nintendo,united	2
nintendo,used	6
nintendo,www	52
nintendo,years	8
owl,0	3
owl,2009	1
owl,2010	1
owl,2011	2
owl,4	2
owl,7	1
owl,apos	44
owl,b	1
owl,category	3
owl,city	1
owl,first	4
owl,grey	147
owl,history	2
owl,i	3
owl,p	2
owl,people	2
owl,quot	31
owl,s	75
owl,son	1
owl,states	1
owl,t	25
owl,this	2
owl,two	2
owl,united	1
owl,used	1
owl,www	1
p,0	1110
p,1	1459
p,2	1001
p,2008	424
p,2009	296
p,2010	308
p,2011	224
p,3	742
p,4	564
p,7	411
p,8	439
p,9	425
p,age	71
p,apos	2300
p,b	551
p,c	660
p,category	69
p,city	87
p,county	44
p,federal	18
p,first	203
p,games	16
p,grey	7
p,gt	175
p,history	292
p,http	510
p,i	550
p,japan	44
p,lt	213
p,nintendo	6
p,owl	2
p,party	47
p,people	50
p,population	19
p,quot	3103
p,s	1844
p,son	27
p,state	91
p,states	109
p,t	663
p,this	471
p,time	151
p,two	138
p,united	80
p,used	64
p,www	216
p,years	127
party,0	157
party,1	169
party,2	133
party,2008	97
party,2009	83
party,2010	140
party,2011	116
party,3	99
party,4	93
party,7	45
party,8	56
party,9	58
party,age	3
party,apos	1560
party,b	22
party,c	19
party,category	642
party,city	27
party,county	48
party,federal	42
party,first	187
party,games	13
party,grey	1
party,gt	54
party,guangdong	2
party,history	59
party,http	129
party,i	35
party,japan	17
party,lt	37
party,nintendo	9
party,p	47
party,people	366
party,population	7
party,quot	818
party,s	1232
party,son	3
party,state	165
party,states	326
party,t	21
party,this	154
party,time	60
party,two	93
party,united	454
party,used	33
party,www	69
party,years	79
people,0	499
people,1	1327
people,2	831
people,2008	110
people,2009	113
people,2010	138
people,2011	130
people,3	577
people,4	481
people,7	400
people,8	387
people,9	329
people,age	97
people,apos	2271
people,b	29
people,c	55
people,category	8980
people,city	187
people,county	333
people,federal	21
people,first	114
people,games	13
people,grey	9
people,gt	10
people,guangdong	7
people,history	195
people,http	576
people,i	158
people,japan	49
people,lt	7
people,mathml	1
people,nintendo	2
people,owl	2
people,p	50
people,party	366
people,population	355
people,quot	1446
people,s	2075
people,son	9
people,state	97
people,states	168
people,t	88
people,this	328
people,time	136
people,two	191
people,united	185
people,used	102
people,www	489
people,years	113
population,0	753
population,1	1710
population,2	1072
population,2008	87
population,2009	115
population,2010	715
population,2011	163
population,3	793
population,4	692
population,7	519
population,8	529
population,9	448
population,age	110
population,apos	838
population,b	13
population,c	10
population,category	8
population,city	1434
population,county	755
population,federal	11
population,first	30
population,gt	39
population,history	93
population,http	312
population,i	63
population,japan	8
population,lt	26
population,p	19
population,party	7
population,people	355
population,quot	189
population,s	837
population,son	1
population,state	162
population,states	733
population,t	11
population,this	142
population,time	39
population,two	29
population,united	762
population,used	18
population,www	251
population,years	84
quot,0	1317
quot,1	3142
quot,2	3349
quot,2008	1293
quot,2009	1263
quot,2010	1348
quot,2011	1570
quot,3	2371
quot,4	1879
quot,7	1271
quot,8	1159
quot,9	1003
quot,age	436
quot,apos	24978
quot,b	1426
quot,c	1349
quot,category	276
quot,city	1523
quot,county	547
quot,federal	170
quot,first	2474
quot,games	267
quot,grey	102
quot,gt	5358
quot,guangdong	12
quot,history	1638
quot,http	4058
quot,i	6464
quot,japan	247
quot,lt	3701
quot,mathml	6
quot,nintendo	52
quot,owl	31
quot,p	3103
quot,party	818
quot,people	1446
quot,population	189
quot,s	16319
quot,son	497
quot,state	1116
quot,states	1572
quot,t	2376
quot,this	4658
quot,time	2224
quot,two	1799
quot,united	1185
quot,used	1768
quot,www	2554
quot,years	888
s,0	827
s,1	1984
s,2	1693
s,2008	944
s,2009	842
s,2010	1170
s,2011	1042
s,3	1161
s,4	887
s,7	608
s,8	796
s,9	659
s,age	259
s,apos	149240
s,b	1051
s,c	1525
s,category	1162
s,city	2408
s,county	1168
s,federal	257
s,first	3581
s,games	279
s,grey	112
s,gt	381
s,guangdong	21
s,history	1554
s,http	2077
s,i	1730
s,japan	411
s,lt	514
s,nintendo	93
s,owl	75
s,p	1844
s,party	1232
s,people	2075
s,population	837
s,quot	16319
s,son	1068
s,state	2049
s,states	741
s,t	1701
s,this	2039
s,time	1303
s,two	1525
s,united	907
s,used	1034
s,www	1076
s,years	769
son,0	10
son,1	35
son,2	10
son,2008	18
son,2009	10
son,2010	14
son,2011	18
son,3	12
son,4	16
son,7	12
son,8	10
son,9	8
son,age	16
son,apos	1194
son,b	33
son,c	93
son,category	7
son,city	19
son,county	6
son,federal	1
son,first	97
son,grey	3
son,gt	5
son,history	5
son,http	28
son,i	144
son,japan	3
son,lt	11
son,owl	1
son,p	27
son,party	3
son,people	9
son,population	1
son,quot	497
son,s	1068
son,state	8
son,states	6
son,t	20
son,this	54
son,time	32
son,two	61
son,united	6
son,used	5
son,www	13
son,years	27
state,0	113
state,1	232
state,2	175
state,2008	149
state,2009	166
state,2010	266
state,2011	193
state,3	124
state,4	103
state,7	103
state,8	76
state,9	88
state,age	9
state,apos	1238
state,b	61
state,c	54
state,category	701
state,city	373
state,county	863
state,federal	271
state,first	244
state,games	8
state,grey	2
state,gt	26
state,history	242
state,http	725
state,i	153
state,japan	11
state,lt	24
state,p	91
state,party	165
state,people	97
state,population	162
state,quot	1116
state,s	2049
state,son	8
state,states	575
state,t	38
state,this	297
state,time	86
state,two	165
state,united	575
state,used	57
state,www	530
state,years	66
states,0	114
states,1	372
states,2	368
states,2008	171
states,2009	147
states,2010	602
states,2011	288
states,3	238
states,4	177
states,7	110
states,8	83
states,9	105
states,age	21
states,apos	778
states,b	55
states,c	92
states,category	2685
states,city	803
states,county	1324
states,federal	193
states,first	192
states,games	20
states,grey	2
states,gt	257
states,history	316
states,http	431
states,i	139
states,japan	94
states,lt	204
states,nintendo	2
states,owl	1
states,p	109
states,party	326
states,people	168
states,population	733
states,quot	1572
states,s	741
states,son	6
states,state	575
states,t	31
states,this	241
states,time	107
states,two	166
states,united	22162
states,used	87
states,www	266
states,years	70
t,0	298
t,1	542
t,2	437
t,2008	101
t,2009	56
t,2010	57
t,2011	109
t,3	178
t,4	168
t,7	55
t,8	81
t,9	94
t,age	17
t,apos	6292
t,b	488
t,c	628
t,category	51
t,city	48
t,county	17
t,federal	6
t,first	69
t,games	6
t,grey	1
t,gt	102
t,guangdong	1
t,history	53
t,http	126
t,i	1656
t,japan	13
t,lt	225
t,nintendo	1
t,owl	25
t,p	663
t,party	21
t,people	88
t,population	11
t,quot	2376
t,s	1701
t,son	20
t,state	38
t,states	31
t,this	271
t,time	152
t,two	67
t,united	34
t,used	53
t,www	79
t,years	35
this,0	268
this,1	548
this,2	472
this,2008	283
this,2009	315
this,2010	378
this,2011	371
this,3	350
this,4	263
this,7	155
this,8	158
this,9	120
this,age	126
this,apos	2640
this,b	134
this,c	163
this,category	143
this,city	303
this,county	127
this,federal	33
this,first	1045
this,games	45
this,grey	16
this,gt	79
this,guangdong	1
this,history	219
this,http	234
this,i	597
this,japan	32
this,lt	63
this,mathml	2
this,nintendo	7
this,owl	2
this,p	471
this,party	154
this,people	328
this,population	142
this,quot	4658
this,s	2039
this,son	54
this,state	297
this,states	241
this,t	271
this,time	2524
this,two	458
this,united	164
this,used	869
this,www	143
this,years	318
time,0	402
time,1	335
time,2	243
time,2008	158
time,2009	156
time,2010	182
time,2011	180
time,3	185
time,4	184
time,7	93
time,8	118
time,9	98
time,age	47
time,apos	1776
time,b	36
time,c	44
time,category	89
time,city	129
time,county	61
time,federal	16
time,first	1755
time,games	135
time,grey	2
time,gt	19
time,guangdong	1
time,history	215
time,http	1059
time,i	236
time,japan	31
time,lt	35
time,nintendo	6
time,p	151
time,party	60
time,people	136
time,population	39
time,quot	2224
time,s	1303
time,son	32
time,state	86
time,states	107
time,t	152
time,this	2524
time,two	301
time,united	103
time,used	142
time,www	879
time,years	303
two,0	771
two,1	864
two,2	581
two,2008	126
two,2009	105
two,2010	153
two,2011	153
two,3	337
two,4	245
two,7	134
two,8	105
two,9	88
two,age	45
two,apos	1434
two,b	79
two,c	86
two,category	26
two,city	205
two,county	141
two,federal	38
two,first	962
two,games	163
two,grey	5
two,gt	16
two,history	76
two,http	178
two,i	161
two,japan	25
two,lt	13
two,nintendo	10
two,owl	2
two,p	138
two,party	93
two,people	191
two,population	29
two,quot	1799
two,s	1525
two,son	61
two,state	165
two,states	166
two,t	67
two,this	458
two,time	301
two,united	97
two,used	211
two,www	91
two,years	1533
united,0	212
united,1	924
united,2	401
united,2008	219
united,2009	197
united,2010	591
united,2011	380
united,3	245
united,4	183
united,7	118
united,8	103
united,9	112
united,age	12
united,apos	859
united,b	61
united,c	210
united,category	2970
united,city	326
united,county	1253
united,federal	170
united,first	349
united,games	39
united,grey	2
united,gt	276
united,history	356
united,http	436
united,i	100
united,japan	120
united,lt	84
united,nintendo	2
united,owl	1
united,p	80
united,party	454
united,people	185
united,population	762
united,quot	1185
united,s	907
united,son	6
united,state	575
united,states	22162
united,t	34
united,this	164
united,time	103
united,two	97
united,used	82
united,www	222
united,years	67
used,0	52
used,1	123
used,2	117
used,2008	44
used,2009	36
used,2010	57
used,2011	58
used,3	81
used,4	59
used,7	38
used,8	58
used,9	35
used,age	19
used,apos	820
used,b	47
used,c	65
used,category	15
used,city	56
used,county	32
used,federal	19
used,first	360
used,games	34
used,grey	2
used,gt	13
used,history	42
used,http	83
used,i	144
used,japan	26
used,lt	5
used,mathml	1
used,nintendo	6
used,owl	1
used,p	64
used,party	33
used,people	102
used,population	18
used,quot	1768
used,s	1034
used,son	5
used,state	57
used,states	87
used,t	53
used,this	869
used,time	142
used,two	211
used,united	82
used,www	31
used,years	90
www,0	323
www,1	697
www,2	602
www,2008	1605
www,2009	1811
www,2010	2581
www,2011	2277
www,3	540
www,4	414
www,7	345
www,8	302
www,9	320
www,age	67
www,apos	879
www,b	86
www,c	172
www,category	81
www,city	401
www,county	261
www,federal	40
www,first	106
www,games	111
www,grey	4
www,gt	74
www,history	938
www,http	52209
www,i	110
www,japan	70
www,lt	123
www,mathml	1
www,nintendo	52
www,owl	1
www,p	216
www,party	69
www,people	489
www,population	251
www,quot	2554
www,s	1076
www,son	13
www,state	530
www,states	266
www,t	79
www,this	143
www,time	879
www,two	91
www,united	222
www,used	31
www,years	175
years,0	209
years,1	447
years,2	482
years,2008	100
years,2009	105
years,2010	129
years,2011	135
years,3	491
years,4	382
years,7	277
years,8	265
years,9	252
years,age	4729
years,apos	1287
years,b	53
years,c	52
years,category	52
years,city	84
years,county	48
years,federal	20
years,first	631
years,games	17
years,grey	5
years,gt	12
years,history	171
years,http	288
years,i	135
years,japan	18
years,lt	17
years,nintendo	8
years,p	127
years,party	79
years,people	113
years,population	84
years,quot	888
years,s	769
years,son	27
years,state	66
years,states	70
years,t	35
years,this	318
years,time	303
years,two	1533
years,united	67
years,used	90
years,www	175
